,Date,Open,High,Low,Close,Adj Close,Volume
3507,2019-06-14,1472.0,1477.05,1441.1,1449.95,1449.95,1927.0
3506,2019-06-13,1494.95,1497.65,1461.5,1471.85,1471.85,1983.0
3505,2019-06-12,1532.25,1532.25,1485.0,1492.2,1492.2,2846.0
3504,2019-06-11,1544.0,1553.5,1515.8,1536.95,1536.95,3518.0
3503,2019-06-10,1592.0,1595.0,1536.4,1553.65,1553.65,2303.0
3502,2019-06-07,1562.1,1619.85,1560.1,1572.4,1572.4,2206.0
3501,2019-06-06,1609.7,1639.95,1570.0,1589.0,1589.0,6812.0
3500,2019-06-04,1557.7,1635.05,1540.85,1610.6,1610.6,4575.0
3499,2019-06-03,1525.0,1550.05,1496.1,1549.9,1549.9,14032.0
3498,2019-05-31,1540.0,1547.95,1525.0,1533.05,1533.05,1364.0
3497,2019-05-30,1526.65,1530.0,1510.0,1522.6,1522.6,875.0
3496,2019-05-29,1525.8,1535.0,1510.0,1520.35,1520.35,1135.0
3495,2019-05-28,1535.0,1539.0,1516.45,1525.8,1525.8,2331.0
3494,2019-05-27,1500.0,1519.9,1472.1,1510.8,1510.8,55359.0
3493,2019-05-24,1463.75,1475.0,1461.0,1470.4,1470.4,51715.0
3492,2019-05-23,1475.85,1498.9,1450.0,1463.75,1463.75,5503.0
3491,2019-05-22,1460.05,1489.0,1447.05,1452.4,1452.4,3070.0
3490,2019-05-21,1470.25,1489.0,1455.25,1474.3,1474.3,1584.0
3489,2019-05-20,1525.0,1525.0,1432.0,1470.3,1470.3,58199.0
3488,2019-05-17,1431.1,1440.0,1420.6,1431.65,1431.65,1891.0
3487,2019-05-16,1464.9,1464.9,1425.0,1436.55,1436.55,2404.0
3486,2019-05-15,1435.0,1469.9,1411.0,1444.0,1444.0,8437.0
3485,2019-05-14,1463.0,1463.0,1405.0,1415.0,1415.0,9512.0
3484,2019-05-13,1460.7,1470.95,1430.0,1442.5,1442.5,6953.0
3483,2019-05-10,1465.15,1484.45,1421.0,1449.3,1449.3,24452.0
3482,2019-05-09,1510.0,1524.95,1471.15,1484.9,1484.9,12068.0
3481,2019-05-08,1544.0,1563.9,1475.05,1528.1,1528.1,68001.0
3480,2019-05-07,1565.0,1681.0,1520.5,1565.7,1565.7,6313.0
3479,2019-05-06,1600.0,1600.0,1536.0,1556.6,1556.6,32369.0
3478,2019-05-03,1623.8,1623.95,1565.1,1589.75,1589.75,22277.0
3477,2019-05-02,1669.95,1669.95,1620.0,1629.45,1629.45,3695.0
3476,2019-04-30,1719.0,1719.0,1642.6,1652.15,1652.15,3088.0
3475,2019-04-26,1700.0,1725.0,1634.0,1696.45,1696.45,11516.0
3474,2019-04-25,1720.0,1731.95,1691.55,1700.15,1700.15,8190.0
3473,2019-04-24,1678.5,1724.55,1660.1,1677.85,1677.85,2593.0
3472,2019-04-23,1743.0,1751.3,1722.1,1733.6,1733.6,2087.0
3471,2019-04-22,1811.95,1812.5,1740.65,1760.55,1760.55,8409.0
3470,2019-04-18,1771.0,1800.0,1763.25,1788.5,1788.5,75615.0
3469,2019-04-16,1750.0,1774.8,1739.95,1771.8,1771.8,2033.0
3468,2019-04-15,1740.6,1750.0,1721.3,1745.8,1745.8,1265.0
3467,2019-04-12,1740.05,1748.75,1717.0,1741.45,1741.45,1563.0
3466,2019-04-11,1749.8,1749.8,1701.3,1737.9,1737.9,12641.0
3465,2019-04-10,1740.0,1792.75,1725.0,1734.25,1734.25,7529.0
3464,2019-04-09,1736.0,1758.95,1716.0,1728.05,1728.05,4109.0
3463,2019-04-08,1820.0,1820.0,1757.0,1758.9,1758.9,2294.0
3462,2019-04-05,1819.0,1834.9,1778.7,1803.3,1803.3,2237.0
3461,2019-04-04,1819.9,1820.0,1772.05,1819.9,1819.9,73406.0
3460,2019-04-03,1806.85,1810.4,1789.4,1794.95,1794.95,16386.0
3459,2019-04-02,1799.45,1814.25,1790.6,1803.75,1803.75,3733.0
3458,2019-04-01,1860.0,1860.0,1791.3,1799.45,1799.45,6074.0
3457,2019-03-28,1817.1,1817.1,1790.05,1796.35,1796.35,4375.0
3456,2019-03-27,1788.0,1807.15,1787.95,1790.25,1790.25,4974.0
3455,2019-03-26,1800.0,1820.2,1779.0,1787.7,1787.7,2947.0
3454,2019-03-25,1795.05,1810.0,1789.65,1799.2,1799.2,2127.0
3453,2019-03-22,1769.0,1808.0,1769.0,1799.3,1799.3,1565.0
3452,2019-03-20,1789.95,1850.0,1780.6,1795.3,1795.3,20454.0
3451,2019-03-19,1791.25,1799.8,1788.1,1791.3,1791.3,2047.0
3450,2019-03-18,1775.0,1793.05,1761.3,1774.95,1774.95,2912.0
3449,2019-03-15,1754.3,1799.95,1749.95,1786.05,1786.05,2757.0
3448,2019-03-14,1746.35,1754.0,1729.9,1747.05,1747.05,2051.0
3447,2019-03-13,1739.95,1750.0,1711.0,1746.45,1746.45,1769.0
3446,2019-03-12,1730.0,1755.0,1711.0,1724.1,1724.1,9667.0
3445,2019-03-11,1684.9,1740.0,1684.9,1730.1,1730.1,7197.0
3444,2019-03-08,1688.95,1689.0,1660.15,1678.85,1678.85,7053.0
3443,2019-03-07,1685.0,1690.0,1666.45,1675.85,1675.85,5136.0
3442,2019-03-06,1687.8,1700.0,1650.3,1688.8,1688.8,14817.0
3441,2019-03-05,1680.0,1699.9,1644.15,1687.8,1687.8,45492.0
3440,2019-03-01,1639.6,1655.0,1602.3,1647.2,1647.2,1908.0
3439,2019-02-28,1630.05,1661.0,1621.65,1639.65,1639.65,3697.0
3438,2019-02-27,1616.0,1684.9,1590.75,1627.75,1627.75,43030.0
3437,2019-02-26,1620.95,1620.95,1581.2,1616.25,1616.25,2923.0
3436,2019-02-25,1575.55,1620.0,1572.6,1603.95,1603.95,2639.0
3435,2019-02-22,1560.85,1594.0,1559.95,1575.8,1575.8,2456.0
3434,2019-02-21,1555.0,1577.95,1551.65,1562.45,1562.45,3544.0
3433,2019-02-20,1550.0,1570.25,1524.2,1559.1,1559.1,4926.0
3432,2019-02-19,1521.05,1551.65,1518.45,1531.0,1531.0,5678.0
3431,2019-02-18,1545.0,1545.0,1509.05,1520.8,1520.8,26628.0
3430,2019-02-15,1550.1,1554.95,1500.0,1530.0,1530.0,20763.0
3429,2019-02-14,1529.7,1568.5,1506.0,1560.0,1560.0,17061.0
3428,2019-02-12,1551.3,1558.0,1508.7,1544.6,1544.6,1673.0
3427,2019-02-11,1587.3,1587.3,1518.5,1528.4,1528.4,1585.0
3426,2019-02-08,1547.0,1576.0,1547.0,1563.8,1563.8,3191.0
3425,2019-02-07,1557.45,1576.7,1545.45,1553.4,1553.4,11540.0
3424,2019-02-06,1594.8,1594.85,1541.9,1551.8,1551.8,10507.0
3423,2019-02-05,1648.7,1656.75,1577.0,1594.95,1594.95,7176.0
3422,2019-02-04,1715.3,1715.3,1620.5,1650.35,1650.35,6513.0
3421,2019-02-01,1729.0,1737.0,1700.0,1729.6,1729.6,99983.0
3420,2019-01-31,1731.3,1740.0,1670.0,1713.45,1713.45,3759.0
3419,2019-01-30,1701.15,1738.0,1689.65,1728.0,1728.0,3388.0
3418,2019-01-29,1745.9,1745.9,1703.0,1716.2,1716.2,1304.0
3417,2019-01-28,1728.65,1765.0,1662.05,1752.1,1752.1,338559.0
3416,2019-01-25,1715.6,1799.9,1676.0,1742.65,1742.65,2588.0
3415,2019-01-24,1779.95,1779.95,1717.75,1723.85,1723.85,2069.0
3414,2019-01-23,1766.75,1773.2,1748.0,1752.2,1752.2,1458.0
3413,2019-01-22,1752.45,1773.0,1728.05,1767.55,1767.55,6162.0
3412,2019-01-21,1774.05,1800.0,1745.0,1750.6,1750.6,167840.0
3411,2019-01-18,1730.6,1798.9,1729.0,1773.4,1773.4,3911.0
3410,2019-01-17,1730.0,1749.95,1716.05,1738.3,1738.3,4962.0
3409,2019-01-16,1680.0,1745.0,1680.0,1731.85,1731.85,5636.0
3408,2019-01-15,1650.8,1725.15,1635.95,1697.8,1697.8,2190.0
3407,2019-01-14,1650.0,1658.95,1637.1,1650.2,1650.2,9962.0
3406,2019-01-11,1598.25,1645.0,1592.9,1639.35,1639.35,7460.0
3405,2019-01-10,1578.45,1605.0,1570.05,1596.85,1596.85,2421.0
3404,2019-01-09,1578.45,1593.9,1575.0,1580.95,1580.95,16723.0
3403,2019-01-08,1574.25,1604.55,1569.55,1582.65,1582.65,1790.0
3402,2019-01-07,1584.55,1592.6,1560.9,1574.25,1574.25,2200.0
3401,2019-01-04,1586.2,1594.95,1585.6,1589.35,1589.35,1045.0
3400,2019-01-03,1600.95,1610.05,1587.45,1590.7,1590.7,2244.0
3399,2019-01-02,1606.7,1622.9,1589.2,1600.3,1600.3,8897.0
3398,2019-01-01,1580.0,1598.3,1580.0,1591.3,1591.3,1044.0
3397,2018-12-31,1581.15,1612.15,1573.95,1589.85,1589.85,3770.0
3396,2018-12-28,1576.15,1599.0,1561.7,1592.0,1592.0,6799.0
3395,2018-12-27,1563.5,1587.5,1563.5,1577.6,1577.6,309.0
3394,2018-12-26,1564.0,1580.0,1542.65,1574.2,1574.2,1300.0
3393,2018-12-24,1580.9,1581.95,1563.15,1573.55,1573.55,1725.0
3392,2018-12-21,1579.0,1599.05,1567.0,1589.7,1589.7,2351.0
3391,2018-12-20,1563.65,1620.0,1563.65,1579.4,1579.4,3477.0
3390,2018-12-19,1570.05,1609.9,1560.0,1587.45,1587.45,5125.0
3389,2018-12-18,1570.0,1575.0,1557.65,1568.25,1568.25,3052.0
3388,2018-12-17,1540.05,1572.45,1540.05,1563.95,1563.95,1626.0
3387,2018-12-14,1551.85,1575.2,1550.55,1562.3,1562.3,823.0
3386,2018-12-13,1547.0,1574.8,1535.1,1561.05,1561.05,16795.0
3385,2018-12-12,1515.05,1575.0,1515.05,1534.7,1534.7,56057.0
3384,2018-12-11,1549.2,1553.9,1502.55,1519.4,1519.4,23445.0
3383,2018-12-10,1551.15,1557.6,1545.5,1549.2,1549.2,4688.0
3382,2018-12-07,1565.0,1589.9,1549.1,1556.0,1556.0,4633.0
3381,2018-12-06,1565.0,1574.3,1550.0,1563.1,1563.1,4763.0
3380,2018-12-05,1610.0,1610.0,1565.5,1569.35,1569.35,90343.0
3379,2018-12-04,1571.4,1625.7,1563.3,1606.85,1606.85,126811.0
3378,2018-12-03,1560.35,1576.35,1560.3,1570.4,1570.4,4462.0
3377,2018-11-30,1555.0,1581.7,1551.0,1571.05,1571.05,2668.0
3376,2018-11-29,1563.0,1588.7,1550.0,1560.45,1560.45,13212.0
3375,2018-11-28,1563.5,1619.8,1558.1,1573.0,1573.0,2074.0
3374,2018-11-27,1591.0,1613.55,1563.15,1566.5,1566.5,1246.0
3373,2018-11-26,1580.1,1599.0,1580.0,1589.8,1589.8,2865.0
3372,2018-11-22,1621.65,1625.95,1580.1,1588.55,1588.55,2341.0
3371,2018-11-21,1578.55,1626.75,1551.0,1621.65,1621.65,4693.0
3370,2018-11-20,1591.0,1630.0,1569.45,1597.05,1597.05,9044.0
3369,2018-11-19,1627.05,1641.05,1582.45,1597.95,1597.95,16663.0
3368,2018-11-16,1600.05,1655.0,1595.25,1637.65,1637.65,17874.0
3367,2018-11-15,1554.0,1649.4,1554.0,1601.15,1601.15,74166.0
3366,2018-11-14,1573.0,1589.0,1552.35,1562.55,1562.55,19731.0
3365,2018-11-13,1543.45,1589.0,1537.1,1581.4,1581.4,40921.0
3364,2018-11-12,1542.25,1579.95,1542.25,1547.9,1547.9,4649.0
3363,2018-11-09,1559.5,1563.1,1521.3,1530.0,1530.0,10219.0
3362,2018-11-07,1568.95,1570.0,1553.8,1569.1,1569.1,257.0
3361,2018-11-06,1551.45,1573.05,1545.0,1550.55,1550.55,1283.0
3360,2018-11-05,1589.95,1590.0,1553.05,1559.95,1559.95,43062.0
3359,2018-11-02,1570.1,1600.0,1559.95,1568.0,1568.0,7273.0
3358,2018-11-01,1613.3,1638.05,1545.95,1570.1,1570.1,19474.0
3357,2018-10-31,1600.0,1634.8,1570.0,1624.8,1624.8,7043.0
3356,2018-10-30,1600.05,1639.3,1593.25,1611.55,1611.55,2225.0
3355,2018-10-29,1572.1,1600.0,1552.85,1596.15,1596.15,3258.0
3354,2018-10-26,1525.0,1582.95,1491.15,1566.35,1566.35,9967.0
3353,2018-10-25,1575.3,1650.0,1490.0,1519.65,1519.65,8586.0
3352,2018-10-24,1545.75,1621.0,1545.75,1599.2,1599.2,1769.0
3351,2018-10-23,1544.75,1600.0,1470.05,1532.65,1532.65,29922.0
3350,2018-10-22,1600.05,1614.5,1535.55,1568.25,1568.25,94407.0
3349,2018-10-19,1645.1,1663.9,1570.5,1596.2,1596.2,3721.0
3348,2018-10-17,1659.75,1674.0,1635.0,1668.0,1668.0,14093.0
3347,2018-10-16,1650.05,1669.95,1635.05,1654.4,1654.4,35067.0
3346,2018-10-15,1647.0,1668.65,1599.1,1658.1,1658.1,10932.0
3345,2018-10-12,1586.15,1643.35,1576.8,1630.05,1630.05,7702.0
3344,2018-10-11,1590.1,1626.0,1560.9,1574.35,1574.35,4936.0
3343,2018-10-10,1520.3,1607.3,1520.3,1590.9,1590.9,36365.0
3342,2018-10-09,1562.2,1577.65,1511.0,1563.35,1563.35,13778.0
3341,2018-10-08,1638.5,1669.95,1541.05,1560.45,1560.45,8068.0
3340,2018-10-05,1623.15,1708.45,1593.05,1671.85,1671.85,26240.0
3339,2018-10-04,1630.0,1675.0,1605.7,1648.4,1648.4,13885.0
3338,2018-10-03,1638.65,1683.35,1630.0,1640.75,1640.75,14761.0
3337,2018-10-01,1649.0,1650.0,1540.2,1638.65,1638.65,30926.0
3336,2018-09-28,1690.0,1696.0,1633.1,1653.35,1653.35,25490.0
3335,2018-09-27,1682.05,1705.0,1648.9,1674.05,1674.05,43888.0
3334,2018-09-26,1672.0,1744.2,1672.0,1725.3,1725.3,29494.0
3333,2018-09-25,1725.0,1798.9,1642.05,1670.85,1670.85,82164.0
3332,2018-09-24,1812.05,1884.85,1700.0,1726.25,1726.25,8395.0
3331,2018-09-21,1897.0,1940.0,1730.05,1812.15,1812.15,110650.0
3330,2018-09-19,1875.05,1947.0,1870.0,1895.45,1895.45,94590.0
3329,2018-09-18,2065.0,2065.0,1870.0,1876.15,1876.15,2016.0
3328,2018-09-17,1900.0,1917.9,1859.0,1899.5,1899.5,3382.0
3327,2018-09-14,1920.0,1925.0,1881.05,1899.85,1899.85,10079.0
3326,2018-09-12,1910.1,1957.2,1890.0,1925.65,1925.65,76832.0
3325,2018-09-11,1971.0,1997.35,1930.0,1933.0,1933.0,23473.0
3324,2018-09-10,2012.85,2016.0,1931.05,1954.1,1954.1,8852.0
3323,2018-09-07,2000.45,2020.2,2000.45,2019.2,2019.2,2522.0
3322,2018-09-06,1999.4,2030.0,1951.35,2016.0,2016.0,10125.0
3321,2018-09-05,1980.05,2021.0,1970.0,1999.5,1999.5,10497.0
3320,2018-09-04,1973.0,2041.0,1973.0,2004.65,2004.65,16044.0
3319,2018-09-03,2000.0,2028.1,1990.0,2007.95,2007.95,10937.0
3318,2018-08-31,2012.05,2023.25,1986.8,2004.3,2004.3,5226.0
3317,2018-08-30,2010.85,2029.0,1995.8,2024.85,2024.85,5974.0
3316,2018-08-29,2029.0,2031.1,1994.95,2020.9,2020.9,4009.0
3315,2018-08-28,2013.0,2030.0,2001.05,2020.2,2020.2,59786.0
3314,2018-08-27,2010.0,2030.0,2005.95,2013.2,2013.2,12940.0
3313,2018-08-24,1991.95,2052.0,1991.95,2015.85,2015.85,26247.0
3312,2018-08-23,1998.15,2020.0,1978.15,2003.7,2003.7,4852.0
3311,2018-08-21,1998.0,2031.0,1981.25,2000.45,2000.45,6863.0
3310,2018-08-20,2015.4,2039.95,1986.0,2001.05,2001.05,9284.0
3309,2018-08-17,2035.0,2035.0,1940.0,1997.05,1997.05,212333.0
3308,2018-08-16,2025.6,2059.95,1983.45,2005.25,2005.25,51242.0
3307,2018-08-14,1934.0,2059.8,1934.0,2009.5,2009.5,199421.0
3306,2018-08-13,1976.3,1976.3,1930.0,1953.75,1953.75,5656.0
3305,2018-08-10,2010.05,2048.0,1962.0,1982.7,1982.7,5874.0
3304,2018-08-09,1950.0,2022.0,1929.7,2008.75,2008.75,12588.0
3303,2018-08-08,1929.25,1961.0,1922.45,1933.05,1933.05,5705.0
3302,2018-08-07,1920.1,1935.45,1918.65,1927.1,1927.1,8147.0
3301,2018-08-06,1915.2,1943.0,1915.15,1920.35,1920.35,8313.0
3300,2018-08-03,1938.0,1962.0,1913.25,1930.3,1930.3,33378.0
3299,2018-08-02,1939.55,1944.7,1907.0,1922.55,1922.55,1417037.0
3298,2018-08-01,1937.4,1937.4,1902.0,1915.8,1915.8,6819.0
3297,2018-07-31,1938.0,1960.05,1900.85,1920.25,1920.25,11543.0
3296,2018-07-30,1931.2,1939.6,1905.25,1932.55,1932.55,4291.0
3295,2018-07-27,1918.45,1935.4,1905.05,1922.2,1922.2,9020.0
3294,2018-07-26,1918.9,1948.75,1894.75,1906.55,1906.55,21561.0
3293,2018-07-25,1932.55,1949.95,1892.0,1904.65,1904.65,10802.0
3292,2018-07-24,1901.95,1926.85,1898.0,1904.0,1904.0,8493.0
3291,2018-07-23,1888.85,1915.0,1882.05,1900.4,1900.4,9809.0
3290,2018-07-20,1935.05,1947.95,1890.15,1901.45,1901.45,27215.0
3289,2018-07-19,1921.6,1934.05,1910.0,1917.3,1917.3,10100.0
3288,2018-07-18,1900.05,1932.0,1900.05,1919.25,1919.25,15784.0
3287,2018-07-17,1900.05,1912.6,1876.55,1900.15,1900.15,21241.0
3286,2018-07-16,1920.05,1944.0,1861.0,1905.1,1893.1,16695.0
3285,2018-07-13,1909.2,1927.8,1906.55,1920.05,1907.9558,13160.0
3284,2018-07-12,1953.95,1953.95,1901.0,1909.2,1897.1741,6541.0
3283,2018-07-11,1960.0,1975.5,1920.0,1932.8,1920.6255,8238.0
3282,2018-07-10,1930.0,2010.0,1930.0,1961.0,1948.6478,31133.0
3281,2018-07-09,1945.0,1951.15,1925.6,1938.6,1926.3889,8748.0
3280,2018-07-06,1942.0,1961.95,1903.1,1920.9,1908.8004,29288.0
3279,2018-07-05,2087.8,2087.8,1932.15,1961.95,1949.5918,57118.0
3278,2018-07-04,2040.05,2120.05,1805.0,2041.6,2028.7401,245184.0
3277,2018-07-03,2075.05,2130.0,2030.0,2047.05,2034.1559,5806.0
3276,2018-07-02,2060.0,2099.8999,2029.95,2091.1001,2077.9285,3138.0
3275,2018-06-29,2025.95,2056.0,2006.65,2024.15,2011.4001,1530.0
3274,2018-06-28,1985.0,2059.8999,1964.95,2027.05,2014.2819,29044.0
3273,2018-06-27,1978.95,1998.0,1949.9,1971.05,1958.6346,42330.0
3272,2018-06-26,2098.7,2098.7,1980.0,2005.15,1992.5198,4327.0
3271,2018-06-25,2140.0,2176.05,2009.95,2059.8999,2046.9248,27095.0
3270,2018-06-22,2160.0,2167.0,2063.0,2136.1499,2122.6946,22734.0
3269,2018-06-21,2170.25,2190.05,2119.95,2149.1001,2135.5632,17204.0
3268,2018-06-20,2233.95,2271.1001,2160.0,2200.1499,2186.2913,174060.0
3267,2018-06-19,2289.2,2290.1001,2242.0,2278.1499,2263.8,999.0
3266,2018-06-18,2298.0,2320.0,2249.95,2291.5,2277.0662,10964.0
3265,2018-06-15,2282.25,2302.05,2251.05,2296.25,2281.7861,23387.0
3264,2018-06-14,2292.8,2309.95,2263.95,2290.3,2275.8738,15881.0
3263,2018-06-13,2309.2,2330.0,2275.0,2294.2,2279.749,1345.0
3262,2018-06-12,2326.05,2326.05,2300.3,2309.2,2294.6545,1288.0
3261,2018-06-11,2296.0,2329.8,2296.0,2313.3,2298.7288,1231.0
3260,2018-06-08,2271.1001,2323.8999,2271.1001,2304.3,2289.7854,2775.0
3259,2018-06-07,2400.0,2400.0,2291.3,2330.25,2315.572,3612.0
3258,2018-06-06,2205.0,2390.0,2201.55,2356.25,2341.4082,15270.0
3257,2018-06-05,2268.05,2268.05,2181.55,2241.55,2227.4307,5254.0
3256,2018-06-04,2181.95,2298.45,2181.95,2223.55,2209.5442,2174.0
3255,2018-06-01,2246.05,2250.0,2201.1499,2220.1001,2206.116,10966.0
3254,2018-05-31,2170.05,2225.3501,2170.05,2220.0,2206.0164,8642.0
3253,2018-05-30,2145.7,2264.5,2125.0,2161.45,2147.8352,2369.0
3252,2018-05-29,2141.95,2190.05,2140.0,2145.7,2132.1843,7675.0
3251,2018-05-28,2165.55,2215.0,2131.0,2172.05,2158.3684,3046.0
3250,2018-05-25,2193.3,2212.55,2151.95,2165.7,2152.0583,1097.0
3249,2018-05-24,2216.0,2251.1001,2160.0,2184.8999,2171.1375,1729.0
3248,2018-05-23,2150.0,2280.0,2150.0,2216.3,2202.3398,8520.0
3247,2018-05-22,2143.75,2186.0,2115.0,2150.75,2137.2026,32884.0
3246,2018-05-21,2160.0,2160.0,2122.95,2150.1001,2136.5569,1023.0
3245,2018-05-18,2190.2,2203.3,2160.0,2170.8999,2157.2256,1300.0
3244,2018-05-17,2185.8,2202.6499,2164.6001,2199.8501,2185.9934,4262.0
3243,2018-05-16,2196.95,2200.0,2172.95,2193.75,2179.9319,31022.0
3242,2018-05-15,2221.95,2247.05,2190.0,2199.8501,2185.9934,16895.0
3241,2018-05-14,2299.8501,2299.8501,2220.75,2249.05,2234.8835,6321.0
3240,2018-05-11,2325.95,2350.05,2260.25,2288.75,2274.3335,11995.0
3239,2018-05-10,2349.8501,2374.8999,2312.8,2337.3999,2322.6768,10348.0
3238,2018-05-09,2381.05,2396.0,2321.5,2357.2,2342.3523,21214.0
3237,2018-05-08,2395.0,2400.0,2355.0,2382.5,2367.4929,14311.0
3236,2018-05-07,2348.05,2399.8999,2332.1499,2394.95,2379.8645,4677.0
3235,2018-05-04,2363.6001,2384.2,2352.0,2362.8999,2348.0161,2649.0
3234,2018-05-03,2395.2,2395.2,2340.1499,2366.55,2351.6433,4203.0
3233,2018-05-02,2375.0,2416.8999,2345.25,2392.75,2377.6782,4826.0
3232,2018-04-30,2393.2,2453.0,2387.8501,2408.6499,2393.478,7742.0
3231,2018-04-27,2380.0,2425.0,2310.0,2395.1499,2380.063,79330.0
3230,2018-04-26,2310.05,2410.0,2310.05,2401.75,2386.6216,30489.0
3229,2018-04-25,2345.95,2384.0,2310.0,2341.6499,2326.9001,12644.0
3228,2018-04-24,2308.5,2367.0,2308.5,2345.55,2330.7756,26672.0
3227,2018-04-23,2271.05,2329.8999,2257.2,2308.3,2293.7603,14408.0
3226,2018-04-20,2191.8501,2295.0,2179.95,2270.75,2256.4468,11279.0
3225,2018-04-19,2200.0,2215.0,2153.1001,2199.95,2186.0928,30599.0
3224,2018-04-18,2160.1001,2210.0,2160.1001,2199.3501,2185.4966,1618.0
3223,2018-04-17,2186.0,2209.45,2177.0,2198.3,2184.4531,6706.0
3222,2018-04-16,2152.0,2210.0,2152.0,2199.55,2185.6953,3565.0
3221,2018-04-13,2201.0,2234.3,2181.8,2197.2,2183.3601,15437.0
3220,2018-04-12,2260.05,2283.3501,2195.05,2203.8,2189.9185,4554.0
3219,2018-04-11,2250.0,2290.7,2250.0,2279.1499,2264.7937,5520.0
3218,2018-04-10,2280.0,2285.2,2263.3501,2279.95,2265.5889,14533.0
3217,2018-04-09,2305.6499,2305.6499,2251.3501,2289.8999,2275.4761,9549.0
3216,2018-04-06,2335.0,2347.95,2275.05,2305.6499,2291.127,140773.0
3215,2018-04-05,2301.05,2355.0,2272.05,2335.55,2320.8386,12915.0
3214,2018-04-04,2244.0,2325.0,2237.0,2301.05,2286.5559,15137.0
3213,2018-04-03,2166.0,2245.0,2166.0,2224.5,2210.488,3965.0
3212,2018-04-02,2105.0,2216.5,2105.0,2193.45,2179.6335,4546.0
3211,2018-03-28,2174.8,2180.0,2100.0,2131.55,2118.1235,20181.0
3210,2018-03-27,2175.0,2175.0,2055.3,2135.55,2122.0984,3301.0
3209,2018-03-26,2040.0,2150.0,2034.95,2130.8501,2117.428,8650.0
3208,2018-03-23,2001.0,2085.7,2001.0,2039.85,2027.0012,55707.0
3207,2018-03-22,2159.55,2159.55,2074.75,2091.0,2077.8291,9715.0
3206,2018-03-21,2164.95,2164.95,2090.0,2117.3,2103.9634,9885.0
3205,2018-03-20,2101.0,2134.8999,2061.25,2126.55,2113.155,6145.0
3204,2018-03-19,2165.0,2165.0,2095.0,2101.3999,2088.1633,6615.0
3203,2018-03-16,2105.3501,2157.95,2087.0,2148.3501,2134.8179,22890.0
3202,2018-03-15,2029.0,2106.0,1981.9,2095.3501,2082.1516,50305.0
3201,2018-03-14,2000.9,2028.45,1975.0,2000.55,1987.9487,15263.0
3200,2018-03-13,2048.0,2048.0,2000.0,2005.0,1992.3707,124020.0
3199,2018-03-12,1980.0,2034.0,1954.1,2019.35,2006.6302,52487.0
3198,2018-03-09,1983.95,1985.1,1940.8,1973.55,1961.1189,6828.0
3197,2018-03-08,1966.0,1998.4,1952.05,1965.45,1953.0698,4347.0
3196,2018-03-07,2019.0,2019.0,1972.2,1985.9,1973.391,4556.0
3195,2018-03-06,2049.95,2063.95,1970.0,1982.0,1969.5156,4534.0
3194,2018-03-05,2009.4,2056.3,1961.5,2023.65,2010.9032,7881.0
3193,2018-03-01,2039.0,2039.0,1970.95,2008.95,1996.2958,43924.0
3192,2018-02-28,1950.0,2039.0,1928.55,2020.6,2007.8724,7377.0
3191,2018-02-27,1975.05,1994.9,1910.0,1943.0,1930.7612,31659.0
3190,2018-02-26,1980.45,2000.0,1952.25,1961.75,1949.3932,20394.0
3189,2018-02-23,1979.2,2013.95,1979.2,1985.65,1973.1426,4621.0
3188,2018-02-22,1980.5,1984.95,1960.1,1975.3,1962.8578,22568.0
3187,2018-02-21,1969.6,1984.4,1963.55,1976.15,1963.7025,8370.0
3186,2018-02-20,1991.5,2011.0,1960.05,1970.1,1957.6906,30077.0
3185,2018-02-19,2037.25,2048.2,1954.45,2006.45,1993.8115,24385.0
3184,2018-02-16,2078.8999,2080.0,2021.3,2047.75,2034.8514,13411.0
3183,2018-02-15,2038.8,2099.8999,2014.95,2039.5,2026.6534,30189.0
3182,2018-02-14,2041.95,2052.3999,1975.0,2005.7,1993.0663,2944.0
3181,2018-02-12,1941.05,2028.0,1940.0,2021.35,2008.6177,3917.0
3180,2018-02-09,1952.15,1972.7,1902.05,1935.75,1923.5569,24703.0
3179,2018-02-08,1927.35,2005.6,1927.35,1979.6,1967.1306,64376.0
3178,2018-02-07,1913.25,1981.0,1913.25,1956.25,1943.9277,30615.0
3177,2018-02-06,1950.0,1952.95,1850.0,1893.75,1881.8214,31757.0
3176,2018-02-05,1961.0,1990.0,1912.25,1957.25,1944.9215,15072.0
3175,2018-02-02,2039.95,2050.0,1970.5,1996.05,1983.4772,41252.0
3174,2018-02-01,2000.0,2079.95,1990.0,2044.35,2031.4728,136460.0
3173,2018-01-31,2069.0,2069.0,1965.0,2018.0,2005.2888,58749.0
3172,2018-01-30,2130.0,2130.0,2023.1,2030.85,2018.0579,40838.0
3171,2018-01-29,2100.0,2170.05,2085.0,2113.7,2100.386,52065.0
3170,2018-01-25,2018.25,2060.0,2010.0,2044.05,2031.1748,12342.0
3169,2018-01-24,2077.0,2077.0,2040.0,2048.95,2036.0438,57582.0
3168,2018-01-23,2087.0,2087.0,2026.1,2041.35,2028.4917,78654.0
3167,2018-01-22,2052.5,2063.3501,2041.6,2052.3999,2039.472,5990.0
3166,2018-01-19,2099.95,2174.3999,2041.65,2052.6499,2039.7205,5517.0
3165,2018-01-18,2091.8,2091.8501,2045.0,2071.3999,2058.3523,5853.0
3164,2018-01-17,2051.95,2060.05,2028.3,2050.8999,2037.9814,9958.0
3163,2018-01-16,2093.1499,2094.95,2044.9,2068.45,2055.4209,17282.0
3162,2018-01-15,2130.0,2148.0,2090.5,2095.55,2082.3503,23469.0
3161,2018-01-12,2150.0,2150.0,2115.0,2126.95,2113.5525,80335.0
3160,2018-01-11,2134.0,2148.6001,2120.0,2138.95,2125.4768,207886.0
3159,2018-01-10,2133.0,2148.7,2126.3,2137.25,2123.7876,42694.0
3158,2018-01-09,2170.0,2174.3999,2130.0,2135.0,2121.5518,61525.0
3157,2018-01-08,2160.0,2172.95,2145.0,2154.8,2141.2273,56157.0
3156,2018-01-05,2139.3,2140.2,2089.95,2124.6001,2111.2175,6325.0
3155,2018-01-04,2072.0,2158.3,2072.0,2135.8,2122.3469,9264.0
3154,2018-01-03,2124.0,2124.0,2066.0,2095.3999,2082.2012,5840.0
3153,2018-01-02,2106.3,2120.0,2072.3501,2109.8,2096.5107,5423.0
3152,2018-01-01,2100.0,2115.7,2073.55,2109.1001,2095.8152,2687.0
3151,2017-12-29,2076.6499,2120.0,2037.6,2106.8999,2093.6287,5222.0
3150,2017-12-28,2090.0,2090.0,2012.0,2036.0,2023.1754,11477.0
3149,2017-12-27,2097.95,2100.05,2075.0,2079.5,2066.4014,2905.0
3148,2017-12-26,2098.8999,2098.8999,2038.0,2065.55,2052.5393,2823.0
3147,2017-12-22,2070.0,2094.25,2036.05,2068.3999,2055.3713,5288.0
3146,2017-12-21,2114.1001,2144.95,2050.0,2055.75,2042.801,9222.0
3145,2017-12-20,2095.0,2115.7,2070.0,2088.0,2074.8479,75716.0
3144,2017-12-19,2085.3999,2106.8501,2075.55,2081.8501,2068.7368,4013.0
3143,2017-12-18,2040.0,2089.95,2040.0,2055.8501,2042.9005,7871.0
3142,2017-12-15,2041.75,2075.0,2031.8,2051.25,2038.3293,9648.0
3141,2017-12-14,2018.05,2039.95,2012.55,2022.85,2010.1083,4683.0
3140,2017-12-13,2085.0,2085.0,2018.95,2041.9,2029.0383,7674.0
3139,2017-12-12,2099.0,2110.45,2019.05,2049.3501,2036.4414,22411.0
3138,2017-12-11,2091.8,2140.0,2066.05,2102.55,2089.3064,21719.0
3137,2017-12-08,2070.0,2110.45,2065.0,2095.95,2082.7478,1282.0
3136,2017-12-07,2064.2,2119.8,2060.1001,2092.7,2079.5183,3351.0
3135,2017-12-06,2105.2,2105.25,2062.6001,2095.6001,2082.4001,25387.0
3134,2017-12-05,2056.0,2110.0,2056.0,2094.05,2080.8599,14759.0
3133,2017-12-04,2040.0,2078.0,2040.0,2056.8,2043.8445,2013.0
3132,2017-12-01,2050.05,2054.45,2036.7,2046.35,2033.4602,1883.0
3131,2017-11-30,2079.95,2079.95,2022.0,2051.3501,2038.4288,3971.0
3130,2017-11-29,2035.35,2064.95,2035.0,2053.8999,2040.9626,5544.0
3129,2017-11-28,2038.8,2049.8,2021.1,2030.6,2017.8094,32945.0
3128,2017-11-27,2048.0,2062.0,2009.05,2054.55,2041.6086,6832.0
3127,2017-11-24,1999.95,2040.0,1999.95,2029.4,2016.6171,9588.0
3126,2017-11-23,2022.0,2025.05,1994.0,1999.95,1987.3524,16123.0
3125,2017-11-22,2055.0,2061.1001,2017.05,2021.65,2008.9159,1773.0
3124,2017-11-21,2095.0,2095.0,2010.0,2050.3,2037.3854,35764.0
3123,2017-11-20,2063.0,2098.0,2042.3,2082.1499,2069.0347,6476.0
3122,2017-11-17,1987.05,2074.3501,1985.0,2024.1,2011.3503,7226.0
3121,2017-11-16,2000.0,2005.5,1979.3,1986.4,1973.8879,3565.0
3120,2017-11-15,2024.9,2046.0,1980.0,1984.05,1971.5527,6545.0
3119,2017-11-14,2048.0,2050.0,2002.0,2010.85,1998.1838,4078.0
3118,2017-11-13,2150.0,2150.0,2045.0,2055.7,2036.7891,12740.0
3117,2017-11-10,2143.8,2145.0,2083.3,2100.05,2080.7312,9204.0
3116,2017-11-09,2150.5,2185.0,2121.0,2125.75,2106.1948,5051.0
3115,2017-11-08,2180.8,2199.95,2130.0,2150.5,2130.717,7670.0
3114,2017-11-07,2212.1499,2213.0,2161.0,2170.75,2150.7808,14214.0
3113,2017-11-06,2247.05,2266.0,2188.3501,2212.1499,2191.7998,18889.0
3112,2017-11-03,2306.0,2306.0,2230.05,2247.45,2226.7751,24225.0
3111,2017-11-02,2330.0,2358.7,2289.95,2326.8999,2305.4941,126433.0
3110,2017-11-01,2335.0,2335.0,2250.0,2288.3501,2267.2991,14160.0
3109,2017-10-31,2250.0,2323.0,2250.0,2306.25,2285.0342,64152.0
3108,2017-10-30,2175.0,2247.2,2175.0,2196.0,2175.7986,16879.0
3107,2017-10-27,2120.0,2159.8999,2087.8,2147.2,2127.4475,11151.0
3106,2017-10-26,2036.0,2120.0,2036.0,2069.55,2050.5117,10906.0
3105,2017-10-25,2150.0,2150.0,2055.0,2063.05,2044.0717,5789.0
3104,2017-10-24,2125.0,2150.0,2100.0,2115.8,2096.3364,5543.0
3103,2017-10-23,2060.0,2140.0,2060.0,2133.6001,2113.9724,5533.0
3102,2017-10-19,2110.0,2110.0,2075.05,2087.95,2068.7424,970.0
3101,2017-10-18,2124.8,2142.0,2080.0,2086.0,2066.8105,6923.0
3100,2017-10-17,2060.8999,2146.0,2058.05,2125.8999,2106.3433,14916.0
3099,2017-10-16,2110.0,2110.0,2049.95,2060.8999,2041.9412,4626.0
3098,2017-10-13,1981.15,2140.0,1971.0,2073.8,2054.7227,78383.0
3097,2017-10-12,2010.0,2010.0,1955.1,1973.9,1955.7417,30135.0
3096,2017-10-11,2032.0,2058.0,1981.0,1992.35,1974.022,11782.0
3095,2017-10-10,2084.0,2084.0,2035.0,2040.5,2021.729,7169.0
3094,2017-10-09,2124.0,2124.0,2045.0,2059.55,2040.6038,9074.0
3093,2017-10-06,2140.0,2140.0,2070.45,2082.6001,2063.4417,8660.0
3092,2017-10-05,2041.3,2105.0,2025.0,2091.7,2072.458,5850.0
3091,2017-10-04,2040.0,2074.1001,2038.3,2043.8,2024.9987,2510.0
3090,2017-10-03,2081.0,2081.0,2009.0,2039.15,2020.3915,2219.0
3089,2017-09-29,2022.0,2082.25,2022.0,2060.6001,2041.6442,7666.0
3088,2017-09-28,2045.8,2054.8501,1999.95,2002.05,1983.6327,5342.0
3087,2017-09-27,2044.6,2110.0,1982.1,2010.25,1991.7572,14109.0
3086,2017-09-26,2079.8501,2119.0,2055.95,2075.45,2056.3574,7098.0
3085,2017-09-25,2054.0,2099.8501,2012.55,2074.3501,2055.2676,73598.0
3084,2017-09-22,2137.95,2198.95,2066.05,2084.75,2065.572,17707.0
3083,2017-09-21,2150.8999,2181.0,2114.0,2148.75,2128.9832,11561.0
3082,2017-09-20,2124.8501,2167.95,2124.8501,2137.8999,2118.2329,12967.0
3081,2017-09-19,2172.8,2201.0,2119.0,2130.3501,2110.7524,16622.0
3080,2017-09-18,2120.0,2170.0,2110.2,2152.2,2132.4014,24706.0
3079,2017-09-15,2079.95,2147.0,2041.0,2103.3,2083.9512,122144.0
3078,2017-09-14,2090.0,2100.0,2052.0,2059.55,2040.6038,13794.0
3077,2017-09-13,2114.0,2114.0,2067.0,2078.3501,2059.231,4851.0
3076,2017-09-12,2074.5,2105.95,2059.8,2097.75,2078.4521,13226.0
3075,2017-09-11,2100.0,2101.6499,2058.0,2067.05,2048.0349,7481.0
3074,2017-09-08,2123.8501,2126.0,2064.95,2074.6499,2055.5647,8505.0
3073,2017-09-07,2090.0,2110.05,2067.0,2090.7,2071.467,83954.0
3072,2017-09-06,2085.0,2105.0,2051.05,2067.3501,2048.332,67320.0
3071,2017-09-05,2126.6001,2126.6001,2054.0,2077.8501,2058.7356,45249.0
3070,2017-09-04,2040.1,2125.0,2040.1,2084.7,2065.5222,125139.0
3069,2017-09-01,2082.0,2083.0,2012.0,2039.8,2021.0354,85297.0
3068,2017-08-31,2117.6499,2119.5,2053.0,2058.6499,2039.7118,8196.0
3067,2017-08-30,2102.05,2166.95,2102.05,2104.8,2085.4375,4815.0
3066,2017-08-29,2160.0,2171.0,2110.0,2124.75,2105.2039,3701.0
3065,2017-08-28,2225.0,2225.0,2138.8,2153.25,2133.4419,12591.0
3064,2017-08-24,2225.6499,2225.6499,2176.25,2200.8999,2180.6533,8726.0
3063,2017-08-23,2209.8501,2233.95,2174.05,2213.25,2192.8899,43222.0
3062,2017-08-22,2198.8501,2235.0,2188.0,2198.8501,2178.6223,95714.0
3061,2017-08-21,2148.0,2193.8999,2140.45,2182.95,2162.8684,8471.0
3060,2017-08-18,2174.95,2174.95,2146.75,2153.8,2133.9866,23926.0
3059,2017-08-17,2190.0,2190.0,2154.3501,2176.1499,2156.1311,20540.0
3058,2017-08-16,2144.95,2214.95,2122.8501,2162.8999,2143.0029,14007.0
3057,2017-08-14,2120.0,2175.0,2085.1499,2101.8501,2082.5146,21297.0
3056,2017-08-11,2105.8999,2105.8999,2068.6001,2077.0,2057.8933,8975.0
3055,2017-08-10,2110.1001,2135.0,2079.05,2105.8999,2086.5271,13177.0
3054,2017-08-09,2140.0,2173.95,2108.8,2140.45,2120.7595,13788.0
3053,2017-08-08,2150.0,2200.0,2100.3999,2128.8501,2109.2664,97279.0
3052,2017-08-07,2222.0,2229.7,2151.5,2155.75,2135.9187,7792.0
3051,2017-08-04,2252.8501,2252.8501,2170.1001,2181.45,2161.3823,7994.0
3050,2017-08-03,2340.0,2350.0,2221.3,2241.8501,2221.2268,68476.0
3049,2017-08-02,2375.0,2389.8999,2310.0,2325.8501,2304.4539,71419.0
3048,2017-08-01,2325.0,2369.8999,2300.0,2350.2,2328.5798,64066.0
3047,2017-07-31,2238.55,2305.95,2230.0,2298.1001,2276.9592,110277.0
3046,2017-07-28,2269.05,2275.8999,2245.0,2250.3999,2229.698,22475.0
3045,2017-07-27,2263.0,2299.7,2246.0,2250.95,2230.2429,4109.0
3044,2017-07-26,2301.3999,2334.6001,2262.5,2276.25,2255.3103,16066.0
3043,2017-07-25,2287.8999,2329.8999,2287.8999,2301.3,2280.1299,16611.0
3042,2017-07-24,2341.1001,2369.95,2305.2,2322.75,2301.3823,107449.0
3041,2017-07-21,2349.8,2355.0,2301.3999,2350.6001,2328.9763,28635.0
3040,2017-07-20,2333.0,2345.95,2300.6001,2320.1499,2298.8062,70160.0
3039,2017-07-19,2309.8,2330.05,2264.05,2312.8,2291.5239,38527.0
3038,2017-07-18,2280.0,2328.0,2250.45,2309.8,2288.5515,22335.0
3037,2017-07-17,2290.0,2290.0,2242.2,2271.8,2250.9014,5523.0
3036,2017-07-14,2243.3,2290.0,2225.0,2265.6001,2244.7583,67758.0
3035,2017-07-13,2280.0,2299.8501,2238.7,2243.3,2222.6633,39045.0
3034,2017-07-12,2216.3999,2320.0,2216.3999,2307.45,2286.2231,64896.0
3033,2017-07-11,2316.0,2369.8,2230.3,2250.1499,2229.4502,167445.0
3032,2017-07-10,2399.95,2399.95,2299.0,2330.3,2308.8633,15943.0
3031,2017-07-07,2549.95,2550.0,2369.0,2492.05,2469.125,77484.0
3030,2017-07-06,2587.0,2587.0,2500.0,2509.8501,2486.7615,48998.0
3029,2017-07-05,2500.0,2616.3999,2500.0,2549.8,2526.3438,154326.0
3028,2017-07-04,2446.0,2530.0,2427.7,2524.55,2501.3262,42551.0
3027,2017-07-03,2400.05,2467.3,2388.1001,2446.3,2423.7961,3906.0
3026,2017-06-30,2406.0,2412.95,2362.3,2383.8999,2361.97,3328.0
3025,2017-06-29,2419.3501,2422.5,2381.1001,2399.05,2376.9807,4054.0
3024,2017-06-28,2410.0,2424.95,2386.3999,2395.6499,2373.6118,8195.0
3023,2017-06-27,2418.05,2450.0,2402.5,2425.3,2402.9893,4159.0
3022,2017-06-23,2450.05,2450.05,2385.1499,2417.5,2395.261,11881.0
3021,2017-06-22,2372.8501,2475.0,2372.8501,2451.3,2428.75,10140.0
3020,2017-06-21,2436.1499,2444.2,2380.0,2395.3999,2363.4561,2097.0
3019,2017-06-20,2422.45,2492.8999,2387.0,2428.45,2396.0654,23842.0
3018,2017-06-19,2497.75,2497.75,2392.0,2422.3999,2390.0959,17861.0
3017,2017-06-16,2406.75,2475.0,2370.05,2440.8999,2408.3494,11596.0
3016,2017-06-15,2356.0,2516.05,2356.0,2417.3,2385.0642,12041.0
3015,2017-06-14,2408.0,2416.0,2387.8,2402.3,2370.2642,2210.0
3014,2017-06-13,2450.0,2470.05,2400.0,2423.55,2391.231,4883.0
3013,2017-06-12,2420.05,2447.8501,2372.45,2436.05,2403.5642,11007.0
3012,2017-06-09,2478.0,2478.05,2421.1001,2431.45,2399.0256,6801.0
3011,2017-06-08,2450.0,2498.95,2433.6001,2478.5,2445.448,18012.0
3010,2017-06-07,2325.0,2525.0,2325.0,2467.1499,2434.2493,40790.0
3009,2017-06-06,2360.0,2375.0,2315.0,2327.75,2296.7083,5925.0
3008,2017-06-05,2287.0,2370.1499,2287.0,2330.8501,2299.7671,9927.0
3007,2017-06-02,2288.1001,2323.0,2270.2,2314.6499,2283.783,13859.0
3006,2017-06-01,2285.0,2338.0,2275.0,2283.8999,2253.4431,11989.0
3005,2017-05-31,2190.0,2309.0,2190.0,2277.8999,2247.5229,12893.0
3004,2017-05-30,2168.1001,2209.75,2135.0,2193.8999,2164.6433,17408.0
3003,2017-05-29,2227.0,2245.0,2171.3999,2187.95,2158.7725,1927.0
3002,2017-05-26,2159.3,2270.0,2159.3,2249.75,2219.7485,6286.0
3001,2017-05-25,2135.2,2192.3501,2135.2,2183.05,2153.938,38589.0
3000,2017-05-24,2135.1499,2170.0,2135.1499,2159.6001,2130.8008,15519.0
2999,2017-05-23,2200.0,2208.0,2135.55,2159.7,2130.8994,34498.0
2998,2017-05-22,2145.0,2225.0,2135.0,2164.3999,2135.5366,5758.0
2997,2017-05-19,2199.0,2220.05,2130.0,2144.1001,2115.5076,7887.0
2996,2017-05-18,2249.8999,2249.95,2162.1001,2188.0,2158.8223,19877.0
2995,2017-05-17,2286.0,2286.0,2186.1001,2255.05,2224.9778,25801.0
2994,2017-05-16,2203.05,2340.0,2203.05,2286.6499,2256.1565,46049.0
2993,2017-05-15,2183.0,2240.0,2143.8501,2217.3999,2187.8298,5861.0
2992,2017-05-12,2243.1001,2243.1001,2120.0,2147.8999,2119.2566,28598.0
2991,2017-05-11,2100.0,2200.0,2091.2,2167.1499,2138.2498,11120.0
2990,2017-05-10,2130.0,2130.0,2062.0,2105.3999,2077.3235,48606.0
2989,2017-05-09,2158.45,2158.45,2101.8,2124.6499,2096.3167,75988.0
2988,2017-05-08,2135.0,2175.1499,2126.3501,2165.45,2136.5725,55134.0
2987,2017-05-05,2140.0,2197.0,2115.0,2134.7,2106.2327,6990.0
2986,2017-05-04,2130.0,2147.95,2106.6001,2138.95,2110.426,141282.0
2985,2017-05-03,2139.0,2155.8999,2080.0,2138.6499,2110.1299,48413.0
2984,2017-05-02,2237.1001,2240.0,2175.05,2192.8999,2163.6567,8261.0
2983,2017-04-28,2220.1499,2285.0,2220.0,2237.1001,2207.2673,4580.0
2982,2017-04-27,2219.05,2257.25,2219.05,2240.1499,2210.2766,11755.0
2981,2017-04-26,2290.05,2299.95,2176.1001,2205.6001,2176.1873,8897.0
2980,2017-04-25,2306.3501,2320.0,2284.05,2289.25,2258.7217,16863.0
2979,2017-04-24,2272.0,2314.0,2272.0,2301.2,2270.5122,11862.0
2978,2017-04-21,2287.55,2305.0,2271.95,2295.1499,2264.543,5416.0
2977,2017-04-20,2286.1001,2298.0,2275.0,2290.3501,2259.8071,27530.0
2976,2017-04-19,2257.05,2285.8,2239.8501,2278.6001,2248.2139,3148.0
2975,2017-04-18,2226.05,2263.95,2223.0,2250.2,2220.1926,95981.0
2974,2017-04-17,2265.05,2265.05,2210.05,2223.05,2193.4045,10855.0
2973,2017-04-13,2265.0,2309.0,2250.05,2254.7,2224.6323,11505.0
2972,2017-04-12,2316.95,2316.95,2251.05,2269.8501,2239.5806,80506.0
2971,2017-04-11,2264.0,2320.0,2232.05,2315.5,2284.6216,8376.0
2970,2017-04-10,2267.1001,2280.0,2213.6001,2230.8999,2201.1497,28524.0
2969,2017-04-07,2214.0,2300.0,2214.0,2267.1001,2236.8672,65711.0
2968,2017-04-06,2260.0,2298.25,2225.0,2247.75,2217.7751,107467.0
2967,2017-04-05,2335.3,2350.0,2265.2,2279.6001,2249.2004,11633.0
2966,2017-04-03,2350.0,2350.0,2301.0,2326.6499,2295.6228,28948.0
2965,2017-03-31,2224.0,2400.0,2210.0,2359.7,2328.2322,105942.0
2964,2017-03-30,2156.45,2224.0,2149.0,2208.05,2178.6045,32801.0
2963,2017-03-29,2119.2,2170.0,2115.8,2156.45,2127.6926,23320.0
2962,2017-03-28,2115.6499,2133.1499,2090.1001,2110.55,2082.405,18250.0
2961,2017-03-27,2066.0,2127.0,2059.1001,2111.05,2082.8982,17620.0
2960,2017-03-24,1980.0,2124.5,1980.0,2076.8999,2049.2034,35888.0
2959,2017-03-23,2024.85,2024.95,1975.0,1989.8,1963.2651,105061.0
2958,2017-03-22,2039.0,2039.0,1988.0,1994.0,1967.4091,7150.0
2957,2017-03-21,2032.55,2052.5,2010.8,2039.65,2012.4503,11670.0
2956,2017-03-20,2075.0,2075.0,2004.6,2032.5,2005.3956,13205.0
2955,2017-03-17,2035.8,2088.95,2035.8,2059.95,2032.4795,225691.0
2954,2017-03-16,2080.0,2102.0,2040.1,2060.6001,2033.121,12390.0
2953,2017-03-15,2075.0,2118.8,2059.95,2074.55,2046.8849,193025.0
2952,2017-03-14,2030.0,2085.0,2020.0,2051.5,2024.1422,147963.0
2951,2017-03-10,1977.3,2043.9,1965.0,2005.15,1978.4103,26999.0
2950,2017-03-09,1935.0,1987.1,1914.55,1976.3,1949.9451,17263.0
2949,2017-03-08,1899.95,1937.0,1899.95,1929.3,1903.5719,8433.0
2948,2017-03-07,1875.0,1910.0,1856.1,1896.45,1871.1599,9717.0
2947,2017-03-06,1873.7,1910.95,1852.0,1862.9,1838.0574,17726.0
2946,2017-03-03,1890.1,1910.05,1881.55,1901.85,1876.4879,65017.0
2945,2017-03-02,1911.0,1911.0,1865.0,1902.25,1876.8826,69760.0
2944,2017-03-01,1905.35,1920.0,1880.0,1891.75,1866.5227,47219.0
2943,2017-02-28,1914.15,1917.95,1894.5,1907.55,1882.1119,9674.0
2942,2017-02-27,1910.65,1919.95,1900.0,1904.9,1879.4972,136010.0
2941,2017-02-23,1929.25,1930.0,1898.05,1913.55,1888.032,10990.0
2940,2017-02-22,1903.65,1915.0,1887.2,1906.65,1881.2239,95306.0
2939,2017-02-21,1919.1,1924.95,1893.0,1897.0,1871.7025,83584.0
2938,2017-02-20,1925.0,1933.0,1904.15,1924.65,1898.9839,18980.0
2937,2017-02-17,1934.8,1934.8,1890.1,1901.3,1875.9453,14253.0
2936,2017-02-16,1894.95,1929.95,1894.95,1908.9,1883.444,27605.0
2935,2017-02-15,1908.3,1917.0,1890.0,1900.1,1874.7612,36830.0
2934,2017-02-14,1926.8,1931.95,1885.0,1895.0,1869.7292,12017.0
2933,2017-02-13,1936.05,1940.85,1900.0,1924.35,1898.6879,165395.0
2932,2017-02-10,1998.7,1998.7,1924.3,1933.6,1907.8145,10567.0
2931,2017-02-09,1991.6,1999.95,1951.3,1959.7,1933.5664,8923.0
2930,2017-02-08,1961.45,1998.0,1960.0,1990.35,1963.8079,52152.0
2929,2017-02-07,1959.35,1973.0,1948.05,1965.55,1939.3385,28612.0
2928,2017-02-06,1930.0,1963.0,1922.0,1955.15,1929.077,42310.0
2927,2017-02-03,1900.0,1932.0,1895.25,1908.25,1882.8025,334463.0
2926,2017-02-02,1927.95,1927.95,1895.0,1899.2,1873.8732,46818.0
2925,2017-02-01,1895.0,1928.0,1895.0,1900.15,1874.8105,42687.0
2924,2017-01-31,1990.0,1999.85,1878.75,1894.15,1868.8906,49522.0
2923,2017-01-30,1998.0,2040.0,1980.0,2027.0,1999.9689,13327.0
2922,2017-01-27,2050.05,2066.7,1989.0,2012.9,1986.057,10564.0
2921,2017-01-25,2028.0,2079.0,2016.05,2051.1001,2023.7477,64435.0
2920,2017-01-24,1985.3,1999.8,1981.0,1998.8,1972.1451,17683.0
2919,2017-01-23,1973.0,1995.0,1963.55,1976.35,1949.9944,20772.0
2918,2017-01-20,2015.0,2015.0,1950.0,1956.25,1930.1625,14750.0
2917,2017-01-19,2030.0,2034.0,1975.1,2018.6,1991.6809,41956.0
2916,2017-01-18,1879.0,1983.95,1870.0,1965.6,1939.3877,67527.0
2915,2017-01-17,1855.0,1870.0,1834.0,1855.75,1831.0027,334726.0
2914,2017-01-16,1829.35,1854.2,1829.35,1850.25,1825.576,6530.0
2913,2017-01-13,1850.0,1863.0,1824.0,1840.7,1816.1532,15363.0
2912,2017-01-12,1874.0,1874.0,1823.5,1847.45,1822.8134,44318.0
2911,2017-01-11,1845.1,1868.0,1824.05,1844.05,1819.4587,35792.0
2910,2017-01-10,1825.0,1860.0,1820.0,1830.65,1806.2374,15459.0
2909,2017-01-09,1842.6,1854.4,1788.25,1805.05,1780.9789,6277.0
2908,2017-01-06,1843.0,1874.7,1815.0,1836.45,1811.9601,11789.0
2907,2017-01-05,1889.35,1894.0,1816.1,1837.5,1812.9961,23654.0
2906,2017-01-04,1873.4,1916.65,1851.05,1889.4,1864.204,29007.0
2905,2017-01-03,1875.55,1887.1,1841.7,1851.15,1826.464,13666.0
2904,2017-01-02,1820.05,1898.0,1805.5,1862.65,1837.8107,22836.0
2903,2016-12-30,1818.85,1827.95,1807.05,1814.3,1790.1055,26103.0
2902,2016-12-29,1819.95,1829.8,1773.0,1800.25,1776.2428,8551.0
2901,2016-12-28,1775.0,1840.4,1766.45,1799.15,1775.1573,16341.0
2900,2016-12-27,1784.3,1784.3,1755.05,1769.55,1745.9523,6196.0
2899,2016-12-26,1745.6,1762.5,1734.7,1750.9,1727.5509,5172.0
2898,2016-12-23,1800.05,1800.05,1744.8,1770.75,1747.1362,18583.0
2897,2016-12-22,1774.85,1817.85,1750.0,1799.4,1775.4043,6878.0
2896,2016-12-21,1803.0,1811.7,1762.0,1774.85,1751.1814,21901.0
2895,2016-12-20,1747.3,1829.95,1747.25,1811.7,1787.54,8552.0
2894,2016-12-19,1770.0,1780.0,1728.0,1774.1,1750.4415,7366.0
2893,2016-12-16,1760.0,1788.8,1685.0,1736.35,1713.1948,79436.0
2892,2016-12-15,1772.0,1810.65,1720.0,1739.45,1716.2535,478499.0
2891,2016-12-14,1793.85,1807.95,1765.0,1772.3,1748.6656,260294.0
2890,2016-12-13,1815.05,1822.0,1782.55,1794.85,1770.9147,10902.0
2889,2016-12-12,1855.0,1859.95,1810.0,1822.7,1798.3933,33705.0
2888,2016-12-09,1928.0,1930.0,1851.0,1866.25,1841.3627,12359.0
2887,2016-12-08,1860.5,1878.3,1841.05,1854.25,1829.5227,28537.0
2886,2016-12-07,1890.75,1890.75,1850.0,1861.35,1836.528,9559.0
2885,2016-12-06,1893.1,1893.2,1867.25,1874.3,1849.3053,4052.0
2884,2016-12-05,1900.05,1900.05,1840.05,1875.9,1850.8842,22746.0
2883,2016-12-02,1880.6,1890.0,1850.0,1868.75,1843.8293,18394.0
2882,2016-12-01,1880.0,1907.0,1864.15,1875.9,1850.8842,18279.0
2881,2016-11-30,1940.8,1940.8,1875.8,1899.9,1874.564,96675.0
2880,2016-11-29,1915.55,1933.85,1882.0,1914.65,1889.1172,18247.0
2879,2016-11-28,1889.85,1889.85,1853.65,1871.45,1846.4933,102999.0
2878,2016-11-25,1867.05,1870.0,1832.6,1858.2,1833.4199,19612.0
2877,2016-11-24,1862.75,1883.85,1816.05,1837.05,1812.5521,53569.0
2876,2016-11-23,1808.0,1895.0,1808.0,1875.95,1850.9332,39287.0
2875,2016-11-22,1870.0,1897.45,1814.8,1829.25,1804.8561,136626.0
2874,2016-11-21,1812.05,1860.85,1770.1,1848.2,1823.5533,53308.0
2873,2016-11-18,1829.95,1837.05,1764.05,1812.5,1788.3295,52918.0
2872,2016-11-17,1870.0,1885.55,1781.65,1802.3,1778.2656,45135.0
2871,2016-11-16,1811.0,1937.35,1763.25,1886.45,1861.2932,109020.0
2870,2016-11-15,2100.0,2100.0,1644.65,1783.7,1759.9135,146399.0
2869,2016-11-11,2299.95,2299.95,2045.05,2055.8,2028.3849,47638.0
2868,2016-11-10,2304.8999,2387.95,2203.25,2261.8,2231.6379,68436.0
2867,2016-11-09,2200.0,2355.0,2000.1,2280.75,2250.3352,55641.0
2866,2016-11-08,2449.45,2494.0,2362.0,2419.05,2386.7908,34215.0
2865,2016-11-07,2486.3999,2499.3999,2406.0,2439.95,2402.4785,8713.0
2864,2016-11-04,2465.0,2497.95,2370.7,2414.0,2376.9272,14636.0
2863,2016-11-03,2510.0,2540.0,2450.0,2469.25,2431.3289,7705.0
2862,2016-11-02,2592.0,2592.0,2501.6001,2523.6001,2484.844,11591.0
2861,2016-11-01,2610.0,2610.0,2529.95,2591.8,2551.9971,22010.0
2860,2016-10-28,2351.05,2544.0,2336.7,2497.3,2458.948,174042.0
2859,2016-10-27,2310.0,2360.0,2310.0,2319.05,2283.4358,13429.0
2858,2016-10-26,2335.6001,2357.95,2278.0,2325.1001,2289.3926,74100.0
2857,2016-10-25,2328.8,2344.95,2304.05,2334.05,2298.2051,83213.0
2856,2016-10-24,2300.0,2334.5,2287.95,2308.8,2273.3428,85492.0
2855,2016-10-21,2298.0,2302.95,2290.0,2299.95,2264.6287,10808.0
2854,2016-10-20,2294.95,2302.0,2265.05,2298.8999,2263.5947,45278.0
2853,2016-10-19,2270.0,2300.0,2268.7,2286.8,2251.6809,26816.0
2852,2016-10-18,2304.6001,2304.6001,2258.25,2265.5,2230.7078,3516.0
2851,2016-10-17,2314.0,2349.0,2242.2,2271.6001,2236.7144,15734.0
2850,2016-10-14,2315.0,2315.0,2271.0,2283.3999,2248.333,12135.0
2849,2016-10-13,2305.0,2305.0,2252.05,2291.05,2255.8652,43018.0
2848,2016-10-10,2263.0,2316.0,2196.6001,2303.3,2267.9275,46223.0
2847,2016-10-07,2240.0,2240.6499,2204.0,2236.1001,2201.7595,3221.0
2846,2016-10-06,2217.05,2249.3999,2213.1499,2226.95,2192.75,12837.0
2845,2016-10-05,2249.8,2249.8,2185.05,2217.05,2183.002,17367.0
2844,2016-10-04,2205.0,2240.0,2169.05,2194.1499,2160.4536,11959.0
2843,2016-10-03,2149.0,2220.3999,2135.0,2187.7,2154.1025,20308.0
2842,2016-09-30,2139.0,2155.3999,2077.0,2124.55,2091.9226,46561.0
2841,2016-09-29,2180.0,2200.0,2085.0,2112.7,2080.2542,183925.0
2840,2016-09-28,2258.0,2262.0,2160.0,2180.6499,2147.1609,31738.0
2839,2016-09-27,2170.0,2280.0,2170.0,2231.25,2196.9839,52574.0
2838,2016-09-26,2151.0,2194.0,2111.5,2120.2,2087.6394,10757.0
2837,2016-09-23,2162.05,2184.8999,2124.0,2151.0,2117.9661,160729.0
2836,2016-09-22,2210.0,2210.0,2138.8,2156.6499,2123.5293,11123.0
2835,2016-09-21,2161.0,2198.0,2161.0,2182.3501,2148.835,14718.0
2834,2016-09-20,2164.45,2174.0,2125.3,2161.8999,2128.6987,6843.0
2833,2016-09-19,2190.2,2213.05,2123.6001,2150.05,2117.0313,37617.0
2832,2016-09-16,2250.0,2294.45,2200.0,2209.8501,2175.9126,31177.0
2831,2016-09-15,2250.0,2275.0,2240.1001,2262.95,2228.197,8236.0
2830,2016-09-14,2218.0,2280.3,2191.3,2271.8999,2237.0095,9555.0
2829,2016-09-12,2161.55,2259.3999,2161.55,2215.05,2181.033,16807.0
2828,2016-09-09,2259.8999,2259.8999,2168.05,2243.0,2208.5535,18781.0
2827,2016-09-08,2294.55,2294.7,2200.0,2210.0,2176.0601,3650.0
2826,2016-09-07,2248.0,2262.5,2195.0,2231.3501,2197.0825,66945.0
2825,2016-09-06,2200.0,2294.3999,2182.0,2247.3501,2212.8367,119509.0
2824,2016-09-02,2104.6001,2137.0,2104.55,2131.1499,2098.4211,3113.0
2823,2016-09-01,2121.55,2150.55,2085.0,2104.55,2072.23,20565.0
2822,2016-08-31,2148.05,2200.0,2126.0,2150.55,2117.5234,18882.0
2821,2016-08-30,2114.05,2155.0,2101.1001,2142.8,2109.8921,3990.0
2820,2016-08-29,2160.0,2170.05,2084.3999,2103.95,2071.6389,17498.0
2819,2016-08-26,2093.3999,2184.0,2062.25,2160.8999,2127.7141,20479.0
2818,2016-08-25,2170.0,2190.0,2078.75,2093.3999,2061.2507,47672.0
2817,2016-08-24,2238.0,2238.0,2155.6499,2175.45,2142.0408,8296.0
2816,2016-08-23,2300.0,2300.0,2197.0,2228.6499,2194.4238,13460.0
2815,2016-08-22,2348.95,2348.95,2295.0,2304.6001,2269.2075,43335.0
2814,2016-08-19,2275.0,2356.0,2260.0,2299.95,2264.6287,30176.0
2813,2016-08-18,2290.0,2299.0,2215.55,2268.55,2233.7112,30199.0
2812,2016-08-17,2275.0,2323.0,2200.0,2252.8999,2218.3013,13151.0
2811,2016-08-16,2198.8,2250.0,2149.0,2223.05,2188.9099,25726.0
2810,2016-08-12,2120.0,2275.0,2085.0,2166.95,2133.6714,61495.0
2809,2016-08-11,2055.0,2172.6499,2055.0,2102.2,2069.9158,31032.0
2808,2016-08-10,1992.05,2075.0,1981.4,2049.5,2018.0251,28214.0
2807,2016-08-09,1970.0,2020.0,1965.25,1992.05,1961.4573,13446.0
2806,2016-08-08,2010.0,2010.0,1988.05,2001.7,1970.959,21491.0
2805,2016-08-05,1996.0,2005.0,1962.35,1999.5,1968.793,11412.0
2804,2016-08-04,1955.0,2007.5,1955.0,1971.1,1940.8291,12873.0
2803,2016-08-03,1948.0,1969.95,1925.0,1955.0,1924.9763,34583.0
2802,2016-08-02,1975.0,1999.0,1925.0,1929.85,1900.2125,25702.0
2801,2016-08-01,1931.0,1999.45,1931.0,1951.4,1921.4316,42713.0
2800,2016-07-29,1999.2,2049.95,1905.6,1970.4,1940.14,202973.0
2799,2016-07-28,1899.95,1925.65,1868.1,1904.85,1875.5967,15330.0
2798,2016-07-27,1924.5,1924.5,1853.0,1878.15,1849.3066,7264.0
2797,2016-07-26,1908.1,1914.95,1865.0,1884.7,1855.7559,3258.0
2796,2016-07-25,1939.0,1939.0,1899.0,1900.65,1871.4611,227827.0
2795,2016-07-22,1917.6,1920.55,1889.05,1899.6,1870.4271,387464.0
2794,2016-07-21,1908.0,1966.0,1882.3,1900.7,1871.5101,1799319.0
2793,2016-07-20,1844.0,1926.0,1825.1,1908.3,1878.9937,141202.0
2792,2016-07-19,1797.0,1849.65,1758.3,1844.4,1806.2284,21830.0
2791,2016-07-18,1799.25,1836.95,1767.65,1797.85,1760.6418,107689.0
2790,2016-07-15,1749.0,1805.0,1749.0,1799.25,1762.0129,45522.0
2789,2016-07-14,1752.2,1770.0,1715.05,1749.95,1713.733,4112.0
2788,2016-07-13,1779.95,1780.0,1732.0,1750.85,1714.6145,14015.0
2787,2016-07-12,1798.0,1798.0,1752.6,1780.05,1743.2103,8725.0
2786,2016-07-11,1799.0,1814.45,1749.95,1766.05,1729.5,78920.0
2785,2016-07-08,1745.0,1775.0,1721.6,1753.55,1717.2587,66036.0
2784,2016-07-07,1750.0,1759.0,1726.55,1749.75,1713.5374,47214.0
2783,2016-07-05,1740.0,1760.0,1730.0,1747.5,1711.334,9697.0
2782,2016-07-04,1734.4,1748.9,1720.0,1731.2,1695.3711,114536.0
2781,2016-07-01,1684.0,1750.05,1634.0,1717.6,1682.0526,35963.0
2780,2016-06-30,1615.45,1666.0,1594.95,1650.25,1616.0966,26225.0
2779,2016-06-29,1604.4,1650.0,1575.55,1601.45,1568.3065,23981.0
2778,2016-06-28,1625.0,1640.0,1601.0,1604.0,1570.8038,3045.0
2777,2016-06-27,1606.0,1615.0,1581.55,1604.9,1571.6852,5368.0
2776,2016-06-24,1602.0,1619.0,1521.05,1591.6,1558.6603,5554.0
2775,2016-06-23,1621.0,1643.6,1615.0,1632.1,1598.3221,1474.0
2774,2016-06-22,1638.9,1640.0,1622.0,1635.5,1601.6517,1700.0
2773,2016-06-21,1615.0,1639.0,1615.0,1633.45,1599.6442,612.0
2772,2016-06-20,1652.7,1667.5,1600.0,1625.4,1591.7609,11019.0
2771,2016-06-17,1681.5,1689.95,1652.0,1679.15,1644.3986,3345.0
2770,2016-06-16,1700.0,1700.0,1655.25,1665.7,1631.2268,7841.0
2769,2016-06-15,1717.0,1722.3,1693.95,1699.75,1664.5721,5878.0
2768,2016-06-14,1695.0,1719.9,1690.0,1707.75,1672.4065,1623.0
2767,2016-06-13,1642.0,1702.8,1642.0,1690.15,1655.1707,2812.0
2766,2016-06-10,1709.95,1725.0,1690.5,1699.05,1663.8867,24192.0
2765,2016-06-09,1705.0,1725.0,1672.3,1702.25,1667.0205,66135.0
2764,2016-06-08,1698.65,1760.0,1652.35,1700.85,1665.6492,87881.0
2763,2016-06-07,1620.0,1699.6,1602.0,1677.2,1642.4888,17443.0
2762,2016-06-06,1655.5,1655.7,1605.0,1610.65,1577.316,705.0
2761,2016-06-03,1640.0,1650.05,1615.75,1632.0,1598.2242,17196.0
2760,2016-06-02,1650.0,1650.0,1602.35,1625.45,1591.8098,2704.0
2759,2016-06-01,1638.0,1674.5,1625.0,1641.35,1607.3807,6086.0
2758,2016-05-31,1662.0,1672.95,1592.0,1661.45,1627.0648,11706.0
2757,2016-05-30,1559.95,1667.4,1559.95,1630.25,1596.5106,85340.0
2756,2016-05-27,1545.55,1558.0,1540.0,1543.1,1511.1641,887.0
2755,2016-05-26,1550.0,1551.0,1510.0,1542.4,1510.4785,2318.0
2754,2016-05-25,1526.95,1550.0,1524.05,1530.35,1498.6781,1331.0
2753,2016-05-24,1514.45,1559.9,1510.2,1539.25,1507.3937,792.0
2752,2016-05-23,1539.5,1540.0,1504.0,1525.05,1493.4877,267873.0
2751,2016-05-20,1585.0,1585.0,1524.0,1531.55,1499.8531,2769.0
2750,2016-05-19,1609.95,1609.95,1561.0,1575.4,1542.7958,1477.0
2749,2016-05-18,1620.35,1620.35,1571.15,1586.1,1553.2742,1917.0
2748,2016-05-17,1685.0,1685.0,1591.0,1616.2,1582.7513,4122.0
2747,2016-05-16,1581.0,1620.0,1581.0,1593.75,1560.7659,3168.0
2746,2016-05-13,1649.95,1649.95,1578.7,1583.9,1551.1198,7466.0
2745,2016-05-12,1655.0,1655.0,1614.0,1643.6,1609.5842,3712.0
2744,2016-05-11,1664.85,1680.0,1628.7,1641.85,1607.8704,6705.0
2743,2016-05-10,1684.75,1684.75,1661.3,1674.05,1639.4041,3235.0
2742,2016-05-09,1675.05,1685.0,1661.3,1675.05,1640.3834,9882.0
2741,2016-05-06,1669.85,1695.0,1650.1,1689.55,1654.5833,2896.0
2740,2016-05-05,1640.95,1704.0,1638.0,1647.15,1613.0608,6956.0
2739,2016-05-04,1655.0,1668.0,1638.0,1642.25,1608.2621,469.0
2738,2016-05-03,1642.0,1678.0,1640.05,1653.1,1618.8877,1971.0
2737,2016-05-02,1640.0,1690.0,1630.7,1663.9,1629.4641,1422.0
2736,2016-04-29,1650.0,1650.0,1615.05,1646.95,1612.8649,1403.0
2735,2016-04-28,1601.0,1698.8,1599.95,1659.35,1625.0082,15492.0
2734,2016-04-27,1739.95,1739.95,1650.0,1654.15,1619.9158,9496.0
2733,2016-04-26,1629.95,1740.0,1605.0,1693.15,1658.1088,6838.0
2732,2016-04-25,1665.0,1665.0,1600.0,1605.35,1572.1259,17223.0
2731,2016-04-22,1650.1,1669.5,1635.3,1643.65,1609.6331,649.0
2730,2016-04-21,1675.0,1697.5,1641.05,1655.8,1621.5319,11152.0
2729,2016-04-20,1590.0,1749.9,1590.0,1676.6,1641.9012,21145.0
2728,2016-04-18,1550.05,1605.0,1550.0,1585.3,1552.491,3160.0
2727,2016-04-13,1507.95,1556.0,1505.95,1550.05,1517.9703,5307.0
2726,2016-04-12,1488.0,1520.0,1478.0,1514.25,1482.9113,58267.0
2725,2016-04-11,1496.9,1515.0,1490.0,1503.25,1472.1387,51577.0
2724,2016-04-08,1509.95,1510.0,1490.05,1501.95,1470.8657,1319.0
2723,2016-04-07,1498.05,1515.0,1485.0,1497.5,1466.5079,7354.0
2722,2016-04-06,1488.05,1523.0,1483.05,1517.0,1485.6044,924.0
2721,2016-04-05,1501.05,1509.0,1468.25,1481.8,1451.1328,123679.0
2720,2016-04-04,1510.0,1510.0,1500.0,1510.0,1478.7493,1069.0
2719,2016-04-01,1502.0,1510.0,1500.0,1509.9,1478.6512,3939.0
2718,2016-03-31,1505.05,1510.0,1500.0,1502.25,1471.1597,2044.0
2717,2016-03-30,1501.75,1510.0,1500.0,1506.5,1475.3217,4113.0
2716,2016-03-29,1502.95,1509.85,1500.1,1502.65,1471.5514,995.0
2715,2016-03-28,1510.0,1510.0,1499.95,1501.7,1470.6209,8788.0
2714,2016-03-23,1538.05,1538.05,1500.1,1504.5,1473.363,695.0
2713,2016-03-22,1507.95,1538.05,1506.05,1523.25,1491.725,193.0
2712,2016-03-21,1526.05,1528.5,1500.0,1524.0,1492.4595,7019.0
2711,2016-03-18,1501.95,1525.0,1500.1,1521.8,1490.3051,560.0
2710,2016-03-17,1500.0,1520.0,1493.0,1511.1,1479.8264,12958.0
2709,2016-03-16,1537.0,1537.0,1491.2,1501.9,1470.8168,10493.0
2708,2016-03-15,1519.05,1530.0,1501.0,1521.05,1489.5706,3375.0
2707,2016-03-14,1500.05,1525.0,1490.05,1521.3,1489.8156,6971.0
2706,2016-03-11,1510.0,1524.95,1500.0,1501.1,1470.0334,3807.0
2705,2016-03-10,1506.0,1520.0,1492.1,1505.9,1474.7341,204425.0
2704,2016-03-09,1493.9,1509.95,1490.0,1506.85,1475.6643,3560.0
2703,2016-03-08,1490.0,1503.05,1490.0,1495.7,1464.7451,709.0
2702,2016-03-04,1505.0,1520.0,1488.35,1495.25,1464.3046,784.0
2701,2016-03-03,1489.25,1529.9,1450.0,1502.2,1471.1106,2116.0
2700,2016-03-02,1478.95,1520.0,1463.05,1499.15,1468.1238,5010.0
2699,2016-03-01,1469.0,1499.55,1451.0,1461.7,1431.4489,2488.0
2698,2016-02-29,1450.05,1469.95,1440.3,1460.6,1430.3716,469.0
2697,2016-02-26,1450.15,1460.0,1449.0,1452.45,1422.3901,3837.0
2696,2016-02-25,1453.95,1470.0,1442.1,1450.05,1420.0399,53731.0
2695,2016-02-24,1451.15,1469.9,1445.0,1454.0,1423.9082,2624.0
2694,2016-02-23,1475.0,1600.0,1450.0,1451.85,1421.8026,346.0
2693,2016-02-22,1441.05,1470.0,1440.0,1460.7,1430.4695,393.0
2692,2016-02-19,1440.05,1463.0,1429.95,1441.25,1411.422,1794.0
2691,2016-02-18,1449.95,1465.0,1440.0,1451.35,1421.313,618.0
2690,2016-02-17,1426.05,1443.7,1401.0,1424.2,1394.7249,783.0
2689,2016-02-16,1490.05,1490.05,1420.0,1426.2,1396.6836,527.0
2688,2016-02-15,1429.95,1490.0,1429.95,1475.95,1445.4038,1165.0
2687,2016-02-12,1450.0,1450.0,1375.0,1438.85,1409.0717,3738.0
2686,2016-02-11,1430.0,1438.05,1400.0,1403.4,1374.3553,1653.0
2685,2016-02-10,1439.05,1446.35,1425.25,1430.0,1400.4049,89679.0
2684,2016-02-09,1498.95,1499.0,1412.05,1439.25,1409.4634,20080.0
2683,2016-02-08,1480.55,1528.25,1475.0,1499.55,1468.5154,6312.0
2682,2016-02-05,1518.95,1531.0,1484.55,1499.85,1468.8091,54288.0
2681,2016-02-04,1506.3,1520.0,1476.0,1519.9,1488.4443,14587.0
2680,2016-02-03,1510.0,1519.55,1460.0,1473.95,1443.4452,4011.0
2679,2016-02-02,1460.05,1584.9,1450.0,1540.7,1508.8137,100374.0
2678,2016-02-01,1459.05,1478.0,1442.25,1453.1,1423.0267,3121.0
2677,2016-01-29,1455.05,1461.0,1403.0,1414.65,1385.3726,3977.0
2676,2016-01-28,1474.0,1505.0,1430.5,1449.1,1419.1094,3320.0
2675,2016-01-27,1472.0,1534.0,1451.0,1500.95,1469.8866,1217.0
2674,2016-01-25,1468.55,1490.0,1435.0,1472.05,1441.5847,904.0
2673,2016-01-22,1416.95,1464.3,1403.0,1446.85,1416.906,1423.0
2672,2016-01-21,1400.45,1440.0,1375.1,1387.4,1358.6866,5081.0
2671,2016-01-20,1389.15,1433.0,1389.0,1419.4,1390.0244,4721.0
2670,2016-01-19,1429.95,1439.7,1400.0,1417.2,1387.8696,4202.0
2669,2016-01-18,1446.2,1446.2,1332.25,1400.7,1371.7113,18241.0
2668,2016-01-15,1444.05,1495.95,1420.25,1442.45,1412.5972,2309.0
2667,2016-01-14,1500.45,1548.75,1355.0,1457.1,1426.944,6129.0
2666,2016-01-13,1539.95,1574.8,1490.3,1504.1,1472.9713,16364.0
2665,2016-01-12,1494.0,1574.9,1458.35,1555.75,1523.5524,3514.0
2664,2016-01-11,1539.05,1567.75,1472.05,1481.3,1450.6432,10705.0
2663,2016-01-08,1548.0,1557.9,1515.15,1527.75,1496.1318,9681.0
2662,2016-01-07,1541.05,1562.45,1525.0,1526.1,1494.5159,13208.0
2661,2016-01-06,1579.45,1579.45,1530.0,1552.7,1520.5656,28035.0
2660,2016-01-05,1612.05,1612.05,1541.0,1578.65,1545.9784,12409.0
2659,2016-01-04,1592.0,1646.0,1592.0,1599.5,1566.3969,2965.0
2658,2016-01-01,1596.0,1646.0,1560.15,1613.4,1580.0093,2073.0
2657,2015-12-31,1569.15,1605.0,1569.15,1590.0,1557.0935,4189.0
2656,2015-12-30,1529.05,1578.7,1525.05,1568.9,1536.4303,13160.0
2655,2015-12-29,1590.05,1605.0,1513.4,1529.45,1497.7966,92388.0
2654,2015-12-28,1624.85,1624.85,1585.0,1586.95,1554.1066,4604.0
2653,2015-12-24,1589.95,1628.0,1581.25,1610.75,1577.4141,6321.0
2652,2015-12-23,1629.95,1629.95,1578.75,1584.3,1551.5115,17004.0
2651,2015-12-22,1648.0,1681.65,1601.5,1609.3,1575.994,3849.0
2650,2015-12-21,1622.0,1681.65,1605.0,1648.4,1614.2848,7649.0
2649,2015-12-18,1630.25,1648.0,1610.0,1619.2,1585.6891,1154.0
2648,2015-12-17,1625.8,1626.0,1600.25,1621.55,1587.9906,11538.0
2647,2015-12-16,1647.05,1660.0,1600.05,1614.3,1580.8906,4909.0
2646,2015-12-15,1696.5,1696.5,1625.05,1632.25,1598.4691,3068.0
2645,2015-12-14,1650.0,1669.9,1627.05,1643.15,1609.1436,5570.0
2644,2015-12-11,1686.0,1697.5,1652.3,1663.25,1628.8275,1010.0
2643,2015-12-10,1714.0,1714.0,1661.35,1685.6,1650.7148,1292.0
2642,2015-12-09,1680.05,1691.1,1645.0,1648.55,1614.4318,3514.0
2641,2015-12-08,1675.0,1689.0,1662.3,1680.45,1645.6715,328.0
2640,2015-12-07,1686.75,1697.95,1650.0,1676.8,1642.097,25910.0
2639,2015-12-04,1683.05,1700.0,1666.45,1677.2,1642.4888,1307.0
2638,2015-12-03,1739.95,1740.15,1680.0,1689.05,1654.0936,2903.0
2637,2015-12-02,1747.55,1747.55,1710.25,1722.25,1686.6066,1021.0
2636,2015-12-01,1748.05,1748.05,1711.3,1729.65,1693.8535,2149.0
2635,2015-11-30,1750.2,1760.0,1704.0,1760.0,1723.5753,30208.0
2634,2015-11-27,1742.6,1755.0,1720.05,1750.1,1713.88,9706.0
2633,2015-11-26,1741.1,1760.05,1691.4,1734.85,1698.9457,62689.0
2632,2015-11-24,1749.85,1749.85,1736.0,1741.6,1705.556,11208.0
2631,2015-11-23,1747.85,1765.0,1726.5,1736.4,1700.4637,12680.0
2630,2015-11-20,1748.05,1770.0,1724.1,1726.7,1690.9642,23484.0
2629,2015-11-19,1770.25,1775.75,1710.6,1738.1,1702.1284,5089.0
2628,2015-11-18,1779.95,1780.0,1736.1,1764.15,1727.6392,4310.0
2627,2015-11-17,1780.05,1788.0,1747.8,1760.75,1724.3096,4068.0
2626,2015-11-16,1742.0,1780.0,1740.0,1775.6,1738.8523,3904.0
2625,2015-11-13,1763.0,1771.9,1734.45,1742.2,1706.1434,8295.0
2624,2015-11-10,1788.5,1788.5,1712.25,1740.05,1704.0381,21749.0
2623,2015-11-09,1749.0,1788.7,1749.0,1776.85,1740.0763,9660.0
2622,2015-11-06,1813.3,1815.05,1752.25,1762.35,1725.8765,39307.0
2621,2015-11-05,1810.15,1822.1,1787.0,1790.55,1748.5964,16761.0
2620,2015-11-04,1799.95,1824.95,1799.95,1810.4,1767.9813,12845.0
2619,2015-11-03,1828.05,1830.0,1803.0,1811.05,1768.6161,21066.0
2618,2015-11-02,1840.05,1848.95,1805.95,1828.9,1786.0479,14362.0
2617,2015-10-30,1846.85,1846.85,1820.0,1840.0,1796.8878,38200.0
2616,2015-10-29,1851.05,1866.0,1820.0,1840.95,1797.8156,9729.0
2615,2015-10-28,1860.1,1870.0,1810.0,1834.75,1791.7609,12091.0
2614,2015-10-27,1868.95,1871.0,1850.3,1861.05,1817.4447,10536.0
2613,2015-10-26,1872.8,1874.45,1857.7,1863.25,1819.5931,4275.0
2612,2015-10-23,1869.05,1869.3,1860.0,1860.65,1817.0538,2291.0
2611,2015-10-21,1868.65,1868.65,1850.0,1861.8,1818.1769,11647.0
2610,2015-10-20,1866.15,1868.0,1850.0,1860.05,1816.4681,11315.0
2609,2015-10-19,1847.35,1868.0,1830.0,1857.75,1814.2219,24774.0
2608,2015-10-16,1839.95,1858.55,1814.95,1816.75,1774.1824,1949.0
2607,2015-10-15,1859.75,1859.75,1818.75,1835.85,1792.8351,672.0
2606,2015-10-14,1842.05,1865.0,1837.5,1838.85,1795.7648,6912.0
2605,2015-10-13,1845.0,1860.0,1820.55,1842.1,1798.9385,5187.0
2604,2015-10-12,1797.95,1850.0,1795.3,1841.1,1797.9619,8189.0
2603,2015-10-09,1782.3,1799.1,1764.8,1776.35,1734.729,10029.0
2602,2015-10-08,1782.05,1799.0,1768.0,1780.55,1738.8308,3545.0
2601,2015-10-07,1779.95,1800.05,1765.0,1782.2,1740.442,24907.0
2600,2015-10-06,1750.95,1796.0,1742.8,1786.5,1744.6412,5472.0
2599,2015-10-05,1715.05,1751.95,1700.0,1733.0,1692.3949,16917.0
2598,2015-10-01,1705.0,1714.9,1663.0,1698.2,1658.4103,4817.0
2597,2015-09-30,1723.05,1729.9,1682.25,1705.95,1665.9786,17645.0
2596,2015-09-29,1739.95,1739.95,1700.0,1723.3,1682.9222,1036.0
2595,2015-09-28,1740.0,1760.8,1710.0,1758.3,1717.1021,1870.0
2594,2015-09-24,1765.0,1770.0,1700.0,1729.65,1689.1233,1592.0
2593,2015-09-23,1710.05,1765.0,1670.0,1684.0,1644.543,68086.0
2592,2015-09-22,1781.3,1792.95,1724.8,1739.15,1698.4008,2533.0
2591,2015-09-21,1798.95,1800.0,1765.0,1781.5,1739.7585,2814.0
2590,2015-09-18,1751.5,1800.0,1736.85,1798.55,1756.4089,23992.0
2589,2015-09-16,1729.95,1740.0,1698.95,1717.9,1677.6487,1155.0
2588,2015-09-15,1724.35,1758.3,1690.05,1699.0,1659.1915,2343.0
2587,2015-09-14,1733.05,1733.05,1677.8,1729.15,1688.6351,2099.0
2586,2015-09-11,1778.05,1778.05,1675.0,1707.7,1667.6876,2865.0
2585,2015-09-10,1765.2,1774.75,1720.0,1751.5,1710.4614,1888.0
2584,2015-09-09,1700.95,1800.05,1670.0,1764.75,1723.4011,8702.0
2583,2015-09-08,1694.2,1744.65,1640.0,1676.0,1636.7306,2983.0
2582,2015-09-07,1679.5,1724.0,1625.05,1694.2,1654.5039,7231.0
2581,2015-09-04,1649.05,1699.05,1625.0,1662.55,1623.5956,7499.0
2580,2015-09-03,1643.95,1645.6,1622.7,1625.05,1586.9744,8480.0
2579,2015-09-02,1642.25,1685.0,1620.05,1629.25,1591.0758,14857.0
2578,2015-09-01,1651.2,1698.95,1620.05,1630.05,1591.8571,12066.0
2577,2015-08-31,1650.05,1692.3,1625.0,1633.25,1594.9821,3834.0
2576,2015-08-28,1714.05,1730.05,1631.0,1646.2,1607.6285,5111.0
2575,2015-08-27,1694.95,1753.0,1642.2,1688.9,1649.3282,5466.0
2574,2015-08-26,1693.0,1699.0,1601.25,1649.6,1610.949,119933.0
2573,2015-08-25,1625.0,1688.75,1619.95,1653.4,1614.6599,391079.0
2572,2015-08-24,1692.0,1692.05,1615.3,1629.85,1591.6616,33622.0
2571,2015-08-21,1735.05,1735.05,1670.2,1694.8,1655.09,12606.0
2570,2015-08-20,1848.95,1848.95,1730.1,1735.55,1694.8853,6470.0
2569,2015-08-19,1843.6,1849.0,1815.0,1821.95,1779.2605,2460.0
2568,2015-08-18,1898.95,1899.0,1804.0,1834.9,1791.9073,7149.0
2567,2015-08-17,1818.0,1879.6,1811.0,1836.3,1793.2745,57371.0
2566,2015-08-14,1750.65,1870.0,1750.0,1858.35,1814.8076,9591.0
2565,2015-08-13,1800.1,1814.6,1733.9,1738.1,1697.3752,9843.0
2564,2015-08-12,1845.0,1845.0,1771.0,1781.45,1739.7096,4497.0
2563,2015-08-11,1849.05,1860.0,1802.1,1811.7,1769.2507,7470.0
2562,2015-08-10,1805.0,1875.0,1802.35,1849.65,1806.3116,13519.0
2561,2015-08-07,1849.95,1880.0,1801.05,1824.25,1781.5067,20594.0
2560,2015-08-06,1801.05,1869.65,1785.0,1851.05,1807.6791,82216.0
2559,2015-08-05,1789.9,1819.65,1774.95,1784.15,1742.3463,9862.0
2558,2015-08-04,1856.4,1856.4,1762.0,1775.55,1733.9479,21089.0
2557,2015-08-03,1756.95,1849.45,1749.0,1836.75,1793.714,16450.0
2556,2015-07-31,1695.6,1754.95,1670.0,1749.95,1708.9476,9361.0
2555,2015-07-30,1655.0,1680.0,1655.0,1670.25,1631.1151,12839.0
2554,2015-07-29,1651.05,1668.95,1626.3,1652.35,1613.6345,59332.0
2553,2015-07-28,1621.5,1648.55,1561.05,1628.25,1590.0992,14367.0
2552,2015-07-27,1646.0,1672.9,1604.7,1620.9,1582.9215,35003.0
2551,2015-07-24,1641.0,1657.95,1640.9,1645.95,1607.3845,7394.0
2550,2015-07-23,1691.95,1692.0,1657.0,1666.4,1627.3553,1402.0
2549,2015-07-22,1649.05,1690.0,1640.3,1663.15,1624.1815,5055.0
2548,2015-07-21,1681.05,1685.0,1660.0,1660.5,1621.5936,1285.0
2547,2015-07-20,1680.4,1694.0,1670.0,1681.65,1642.2483,3962.0
2546,2015-07-17,1692.65,1707.95,1672.0,1689.9,1640.0508,2128.0
2545,2015-07-16,1682.05,1724.2,1673.05,1686.9,1626.9491,3342.0
2544,2015-07-15,1679.9,1708.0,1639.6,1688.5,1628.4922,3560.0
2543,2015-07-14,1693.0,1693.0,1671.0,1680.0,1620.2943,1023.0
2542,2015-07-13,1687.95,1702.5,1676.25,1688.0,1628.01,2137.0
2541,2015-07-10,1682.1,1710.05,1650.05,1684.1,1624.2485,3143.0
2540,2015-07-09,1661.7,1742.4,1620.0,1669.05,1609.7334,12652.0
2539,2015-07-08,1729.95,1740.05,1670.0,1678.25,1618.6064,3905.0
2538,2015-07-07,1791.7,1800.0,1725.0,1733.05,1671.4589,6280.0
2537,2015-07-06,1798.05,1803.0,1787.95,1797.8,1733.9077,15019.0
2536,2015-07-03,1765.0,1799.8,1763.7,1799.4,1735.4509,7340.0
2535,2015-07-02,1779.35,1792.8,1772.25,1789.5,1725.9026,2079.0
2534,2015-07-01,1717.15,1779.95,1716.7,1771.45,1708.494,11777.0
2533,2015-06-30,1720.75,1798.0,1719.0,1752.2,1689.9282,10591.0
2532,2015-06-29,1698.55,1737.6,1659.45,1715.75,1654.7738,7618.0
2531,2015-06-26,1676.15,1700.0,1630.05,1693.4,1633.2181,6307.0
2530,2015-06-25,1630.05,1682.0,1630.0,1676.0,1616.4365,2775.0
2529,2015-06-24,1671.05,1700.0,1664.95,1678.55,1618.8959,6314.0
2528,2015-06-23,1605.0,1674.0,1605.0,1656.75,1597.8705,4413.0
2527,2015-06-22,1585.0,1633.0,1581.0,1602.4,1545.452,43982.0
2526,2015-06-19,1611.25,1650.05,1578.4,1585.0,1528.6703,84041.0
2525,2015-06-18,1585.0,1669.0,1580.0,1627.9,1570.0458,5085.0
2524,2015-06-17,1595.0,1595.0,1569.95,1579.25,1523.1249,16940.0
2523,2015-06-16,1588.0,1599.75,1556.5,1567.45,1511.7441,5350.0
2522,2015-06-15,1619.65,1619.65,1592.0,1595.85,1539.1348,132689.0
2521,2015-06-12,1619.95,1619.95,1585.0,1600.45,1543.5713,60092.0
2520,2015-06-11,1649.0,1649.0,1593.25,1600.3,1543.4268,34419.0
2519,2015-06-10,1611.65,1650.0,1590.35,1606.2,1549.1168,23276.0
2518,2015-06-09,1625.0,1665.05,1590.05,1620.45,1562.8605,4142.0
2517,2015-06-08,1694.0,1694.0,1630.8,1640.8,1582.4873,1831.0
2516,2015-06-05,1662.05,1662.05,1630.05,1636.65,1578.4847,6651.0
2515,2015-06-04,1640.1,1678.0,1630.5,1637.5,1579.3047,7182.0
2514,2015-06-03,1650.05,1670.95,1631.15,1647.65,1589.094,12015.0
2513,2015-06-02,1716.95,1716.95,1640.5,1646.6,1588.0812,17027.0
2512,2015-06-01,1665.2,1733.75,1621.0,1694.75,1634.52,29479.0
2511,2015-05-29,1749.8,1756.8,1650.1,1677.5,1617.8832,31947.0
2510,2015-05-28,1769.95,1770.05,1708.7,1744.45,1682.4535,35017.0
2509,2015-05-27,1744.9,1770.0,1744.9,1764.05,1701.3572,4837.0
2508,2015-05-26,1790.95,1790.95,1745.15,1751.35,1689.1085,2384.0
2507,2015-05-25,1762.2,1770.0,1749.95,1768.55,1705.6974,1472.0
2506,2015-05-22,1780.15,1785.55,1750.0,1761.65,1699.0422,2340.0
2505,2015-05-21,1778.95,1787.0,1758.0,1769.9,1706.9993,4116.0
2504,2015-05-20,1770.5,1790.0,1752.6,1766.8,1704.0096,6995.0
2503,2015-05-19,1758.25,1779.9,1750.0,1770.3,1707.3849,23737.0
2502,2015-05-18,1720.0,1820.0,1720.0,1758.25,1695.7633,13750.0
2501,2015-05-15,1815.75,1815.75,1750.0,1758.05,1695.5704,4259.0
2500,2015-05-14,1766.85,1799.0,1766.85,1788.15,1724.6006,35008.0
2499,2015-05-13,1750.0,1795.0,1720.0,1785.5,1722.0447,23631.0
2498,2015-05-12,1764.1,1764.1,1695.3,1702.5,1641.9946,117614.0
2497,2015-05-11,1814.0,1814.0,1716.0,1755.85,1693.4487,17984.0
2496,2015-05-08,1868.85,1868.85,1727.85,1787.2,1723.6843,75544.0
2495,2015-05-07,1915.95,1915.95,1801.0,1822.95,1758.1637,21452.0
2494,2015-05-06,1959.9,1959.9,1885.95,1912.55,1844.5795,3903.0
2493,2015-05-05,1936.55,1950.0,1915.0,1940.6,1871.6327,11254.0
2492,2015-05-04,1974.9,1974.9,1900.0,1921.75,1853.4526,3721.0
2491,2015-04-30,1931.95,1940.0,1902.65,1928.7,1860.1555,6439.0
2490,2015-04-29,1901.0,1947.5,1880.1,1927.05,1858.5643,32471.0
2489,2015-04-28,1865.0,1973.95,1865.0,1918.4,1850.2217,110402.0
2488,2015-04-27,1890.0,1910.0,1865.65,1893.45,1826.1581,3128.0
2487,2015-04-24,1895.0,1940.0,1865.0,1893.05,1825.7726,8600.0
2486,2015-04-23,1914.0,1914.0,1860.1,1884.85,1817.864,2632.0
2485,2015-04-22,1850.0,1909.9,1850.0,1862.5,1796.3082,5897.0
2484,2015-04-21,1880.05,1890.0,1850.0,1857.1,1791.1003,12821.0
2483,2015-04-20,1875.0,1914.05,1851.0,1874.75,1808.123,15709.0
2482,2015-04-17,1967.0,1967.0,1900.0,1905.6,1837.8765,2102.0
2481,2015-04-16,1932.0,1938.0,1900.0,1929.85,1861.2645,98279.0
2480,2015-04-15,1925.0,1925.0,1874.85,1911.2,1843.2775,11148.0
2479,2015-04-13,1939.45,1940.0,1882.0,1904.2,1836.5264,10435.0
2478,2015-04-10,1903.1,1939.05,1862.05,1896.4,1829.0034,34288.0
2477,2015-04-09,1981.95,1982.0,1900.0,1903.7,1836.0441,179759.0
2476,2015-04-08,2048.95,2049.0,1950.5,1962.7,1892.9473,15532.0
2475,2015-04-07,2000.0,2016.9,1952.05,2010.65,1939.1932,29183.0
2474,2015-04-06,1996.0,2024.9,1952.65,1984.15,1913.635,3499.0
2473,2015-04-01,1965.0,2003.0,1965.0,1995.75,1924.8226,151980.0
2472,2015-03-31,1997.9,1997.9,1935.45,1965.15,1895.3103,13032.0
2471,2015-03-30,1890.0,2034.95,1890.0,1956.45,1886.9193,29616.0
2470,2015-03-27,1926.0,1960.0,1892.1,1909.1,1841.2521,2882.0
2469,2015-03-26,1906.0,1960.0,1878.0,1937.25,1868.4019,1933.0
2468,2015-03-25,1887.15,2000.0,1878.45,1902.2,1834.5974,9040.0
2467,2015-03-24,1875.0,1914.0,1866.6,1887.15,1820.0823,11698.0
2466,2015-03-23,1947.1,1960.0,1867.65,1895.85,1828.473,12477.0
2465,2015-03-20,2009.7,2028.0,1926.25,1947.1,1877.9019,2056.0
2464,2015-03-19,1960.0,2050.0,1921.0,1977.7,1907.4141,5876.0
2463,2015-03-18,1968.0,1975.0,1907.5,1950.2,1880.8914,77002.0
2462,2015-03-17,1902.0,1939.8,1887.65,1897.55,1830.1127,11051.0
2461,2015-03-16,1981.95,1981.95,1903.7,1916.45,1848.3409,8487.0
2460,2015-03-13,1925.0,1972.0,1886.05,1955.25,1885.7621,23253.0
2459,2015-03-12,1950.0,1959.9,1920.0,1928.95,1860.3967,7735.0
2458,2015-03-11,1982.0,1985.0,1890.0,1915.3,1847.2319,39919.0
2457,2015-03-10,1990.0,2005.0,1970.85,1977.8,1907.5106,104691.0
2456,2015-03-09,1991.35,2012.3,1978.0,2003.85,1932.6349,102702.0
2455,2015-03-05,2015.95,2037.0,1982.0,1992.25,1921.447,32944.0
2454,2015-03-04,2080.0,2080.0,1999.0,2012.8,1941.2668,28075.0
2453,2015-03-03,2035.05,2058.95,2010.0,2049.6499,1976.8071,2222.0
2452,2015-03-02,2029.95,2098.5,2000.1,2024.95,1952.9851,119683.0
2451,2015-02-28,0.0,0.0,0.0,0.0,0.0,0.0
2450,2015-02-27,1964.0,2004.0,1950.0,1997.55,1926.5588,2204.0
2449,2015-02-26,1988.7,1988.7,1930.1,1948.3,1879.0588,21810.0
2448,2015-02-25,1982.0,2009.9,1981.0,1983.05,1912.5741,89385.0
2447,2015-02-24,2029.95,2029.95,1980.0,1980.45,1910.0664,716.0
2446,2015-02-23,2075.0,2075.0,1980.05,1988.95,1918.2644,64266.0
2445,2015-02-20,2100.0,2100.0,2000.5,2008.3,1936.9266,4617.0
2444,2015-02-19,2020.0,2100.0,2010.0,2067.6001,1994.1191,32445.0
2443,2015-02-18,2080.0,2100.0,2005.65,2041.2,1968.6575,5741.0
2442,2015-02-16,1997.05,2080.0,1965.6,2049.5,1976.6626,65868.0
2441,2015-02-13,2039.05,2049.95,2002.0,2007.25,1935.9141,63124.0
2440,2015-02-12,2008.05,2050.0,2001.0,2025.3,1953.3226,31788.0
2439,2015-02-11,1950.15,2033.95,1950.1,2014.35,1942.7618,1985.0
2438,2015-02-10,2049.8999,2050.1001,1992.9,2009.65,1938.2286,18225.0
2437,2015-02-09,2009.75,2060.1001,2009.75,2050.6001,1977.7236,813.0
2436,2015-02-06,2022.25,2081.1001,1990.0,2078.75,2004.8729,3628.0
2435,2015-02-05,2020.25,2037.0,2010.45,2016.1,1944.4493,33801.0
2434,2015-02-04,2050.25,2072.7,2010.25,2024.4,1952.4546,5197.0
2433,2015-02-03,2050.0,2125.0,2039.45,2086.1499,2012.0101,58828.0
2432,2015-02-02,2116.3999,2123.0,2028.5,2050.0,1977.1447,31058.0
2431,2015-01-30,2198.0,2198.0,2099.2,2111.2,2036.1698,16981.0
2430,2015-01-29,2160.0,2182.05,2075.0,2144.7,2068.479,33796.0
2429,2015-01-28,2071.8501,2193.8,2058.05,2140.3501,2064.2842,169262.0
2428,2015-01-27,1964.0,2200.0,1960.2,2071.8501,1998.2184,196072.0
2427,2015-01-23,2078.0,2078.0,1967.1,1989.95,1919.2288,11851.0
2426,2015-01-22,2039.1,2041.2,1978.7,1997.15,1926.1731,36196.0
2425,2015-01-21,2039.15,2062.0,2023.65,2039.05,1966.5839,137260.0
2424,2015-01-20,2028.65,2064.05,2026.6,2051.6499,1978.7361,41089.0
2423,2015-01-19,2042.25,2059.0,2000.15,2033.65,1961.3759,1602.0
2422,2015-01-16,2040.1,2079.1001,2030.0,2042.25,1969.6702,12287.0
2421,2015-01-15,2095.3,2095.3,1950.1,2035.1,1962.7743,81363.0
2420,2015-01-14,1918.5,2011.35,1918.5,1995.55,1924.63,2412.0
2419,2015-01-13,1981.05,2003.4,1950.55,1968.3,1898.3484,41390.0
2418,2015-01-12,2019.95,2020.0,1952.0,2007.05,1935.7212,1517.0
2417,2015-01-09,2019.95,2020.0,1940.05,1954.95,1885.4727,33204.0
2416,2015-01-08,2013.55,2023.0,1979.9,1998.9,1927.8607,6281.0
2415,2015-01-07,2097.6499,2125.0,1871.05,1983.35,1912.8634,7153.0
2414,2015-01-06,2065.0,2109.6499,1990.0,2046.1,1973.3833,90951.0
2413,2015-01-05,2008.0,2095.6001,1995.0,2061.55,1988.2844,15020.0
2412,2015-01-02,1984.05,2014.95,1980.0,1995.2,1924.2922,53731.0
2411,2015-01-01,1950.0,2036.0,1929.0,1983.45,1912.9598,52719.0
2410,2014-12-31,1945.0,1951.9,1922.0,1941.05,1872.0669,10663.0
2409,2014-12-30,1888.05,1949.0,1888.0,1934.35,1865.6047,4266.0
2408,2014-12-29,1807.0,1910.0,1807.0,1900.0,1832.4756,12674.0
2407,2014-12-26,1797.0,1870.0,1782.5,1809.55,1745.24,8373.0
2406,2014-12-24,1801.0,1815.0,1778.2,1786.0,1722.527,840673.0
2405,2014-12-23,1804.9,1821.95,1802.3,1809.7,1745.3848,2295.0
2404,2014-12-22,1734.0,1829.5,1727.85,1823.1,1758.3085,15858.0
2403,2014-12-19,1754.5,1800.0,1709.6,1745.4,1683.37,6867.0
2402,2014-12-18,1695.0,1825.0,1665.1,1772.25,1709.2656,47277.0
2401,2014-12-17,1708.0,1715.0,1690.0,1699.1,1638.7153,4214.0
2400,2014-12-16,1708.05,1748.0,1695.1,1714.45,1653.5199,7167.0
2399,2014-12-15,1689.0,1730.0,1688.45,1712.2,1651.3499,4883.0
2398,2014-12-12,1689.25,1719.4,1689.25,1705.5,1644.8877,3695.0
2397,2014-12-11,1680.55,1719.0,1676.0,1705.85,1645.2255,2831.0
2396,2014-12-10,1692.9,1705.0,1680.0,1690.05,1629.9872,8809.0
2395,2014-12-09,1672.45,1710.0,1672.45,1692.9,1632.7358,17968.0
2394,2014-12-08,1677.0,1692.75,1670.0,1684.05,1624.2002,3815.0
2393,2014-12-05,1702.0,1708.95,1675.0,1685.4,1625.5023,53465.0
2392,2014-12-04,1692.0,1734.95,1692.0,1698.8,1638.4261,38614.0
2391,2014-12-03,1712.0,1722.95,1687.6,1705.15,1644.5504,5150.0
2390,2014-12-02,1680.6,1730.0,1680.6,1717.25,1656.2203,3790.0
2389,2014-12-01,1683.8,1715.05,1683.8,1697.35,1637.0275,48803.0
2388,2014-11-28,1671.6,1738.7,1671.6,1700.85,1640.4032,166592.0
2387,2014-11-27,1708.0,1725.0,1681.0,1688.5,1628.4922,72005.0
2386,2014-11-26,1721.0,1744.95,1670.0,1704.6,1644.0199,37852.0
2385,2014-11-25,1750.0,1763.0,1730.0,1742.7,1680.7659,2919.0
2384,2014-11-24,1747.95,1760.0,1730.0,1750.8,1688.5779,2034.0
2383,2014-11-21,1744.95,1759.7,1730.0,1744.65,1682.6465,427.0
2382,2014-11-20,1756.6,1760.1,1735.5,1758.0,1695.5223,17415.0
2381,2014-11-19,1730.0,1760.15,1715.0,1749.65,1687.4689,73532.0
2380,2014-11-18,1714.85,1760.05,1700.0,1758.15,1695.667,12132.0
2379,2014-11-17,1769.9,1769.9,1575.05,1714.85,1653.9058,605.0
2378,2014-11-14,1744.95,1744.95,1707.65,1714.05,1653.134,17936.0
2377,2014-11-13,1747.2,1749.0,1695.9,1731.6,1670.0604,1234.0
2376,2014-11-12,1723.9,1747.95,1704.55,1729.85,1664.0325,14987.0
2375,2014-11-11,1779.95,1800.0,1700.0,1723.0,1657.4432,320370.0
2374,2014-11-10,1775.0,1799.0,1745.0,1758.2,1691.3038,1577.0
2373,2014-11-07,1760.35,1830.0,1760.0,1781.95,1714.15,4669.0
2372,2014-11-05,1675.0,1805.0,1675.0,1799.55,1731.0807,6149.0
2371,2014-11-03,1740.0,1748.55,1700.0,1718.2,1652.8257,3565.0
2370,2014-10-31,1782.95,1782.95,1723.0,1744.35,1677.9808,7313.0
2369,2014-10-30,1775.0,1783.0,1758.1,1781.8,1714.006,3525.0
2368,2014-10-29,1708.5,1796.0,1708.5,1783.2,1715.3525,42894.0
2367,2014-10-28,1729.95,1734.95,1700.0,1725.8,1660.1366,655.0
2366,2014-10-27,1719.2,1745.0,1706.2,1731.35,1665.4753,1143.0
2365,2014-10-22,1673.0,1693.9,1668.5,1689.3,1625.0254,341.0
2364,2014-10-21,1674.35,1689.95,1668.4,1679.65,1615.7424,362.0
2363,2014-10-20,1614.95,1700.0,1614.95,1691.3,1626.9493,1731.0
2362,2014-10-17,1645.15,1648.45,1591.2,1614.7,1553.2637,1217.0
2361,2014-10-16,1634.95,1669.95,1600.3,1634.0,1571.8293,23800.0
2360,2014-10-15,1654.2,1654.2,1654.2,1654.2,1591.2609,0.0
2359,2014-10-14,1680.0,1680.0,1635.0,1654.2,1591.2609,57294.0
2358,2014-10-13,1679.85,1679.95,1651.0,1668.8,1605.3053,2537.0
2357,2014-10-10,1681.0,1681.6,1675.0,1678.7,1614.8287,23310.0
2356,2014-10-09,1680.65,1700.25,1680.65,1698.4,1633.7791,825.0
2355,2014-10-08,1709.95,1709.95,1650.0,1681.45,1617.4741,1210.0
2354,2014-10-07,1679.25,1709.85,1675.0,1699.7,1635.0295,15943.0
2353,2014-10-01,1620.8,1699.5,1620.8,1679.3,1615.4058,12345.0
2352,2014-09-30,1640.0,1685.0,1581.9,1637.2,1574.9076,23249.0
2351,2014-09-29,1565.45,1620.0,1565.45,1610.25,1548.983,17492.0
2350,2014-09-26,1575.9,1625.0,1570.0,1581.3,1521.1344,21324.0
2349,2014-09-25,1679.0,1679.0,1580.0,1600.85,1539.9407,16961.0
2348,2014-09-24,1660.0,1680.0,1620.05,1648.7,1585.97,42385.0
2347,2014-09-23,1645.0,1674.0,1645.0,1660.35,1597.1768,1899.0
2346,2014-09-22,1695.0,1695.0,1620.0,1652.75,1589.8661,2633.0
2345,2014-09-19,1717.95,1810.0,1620.0,1622.8,1561.0557,44682.0
2344,2014-09-18,1704.0,1720.0,1666.05,1684.55,1620.4561,11048.0
2343,2014-09-17,1721.8,1770.5,1651.1,1685.1,1620.9851,3392.0
2342,2014-09-16,1800.0,1800.0,1720.05,1749.35,1682.7906,87074.0
2341,2014-09-15,1635.0,1799.95,1635.0,1769.3,1701.9817,1359.0
2340,2014-09-12,1776.0,1810.0,1771.55,1794.5,1726.2225,5688.0
2339,2014-09-11,1727.8,1809.0,1727.8,1768.75,1701.4524,7503.0
2338,2014-09-10,1655.0,1729.0,1655.0,1705.75,1640.8495,1040.0
2337,2014-09-09,1640.0,1735.0,1640.0,1726.45,1660.7617,3361.0
2336,2014-09-08,1660.05,1698.95,1630.0,1682.1,1618.0995,1455.0
2335,2014-09-05,1695.0,1695.0,1660.0,1662.8,1599.5337,36401.0
2334,2014-09-04,1662.5,1693.7,1640.0,1690.0,1625.6989,35750.0
2333,2014-09-03,1670.05,1680.0,1660.0,1666.05,1602.6602,43472.0
2332,2014-09-02,1726.65,1726.65,1665.0,1679.25,1615.3578,18728.0
2331,2014-09-01,1717.0,1749.4,1666.6,1721.9,1656.3849,3590.0
2330,2014-08-28,1650.0,1742.95,1610.0,1703.7,1638.8773,3039.0
2329,2014-08-27,1729.95,1739.95,1660.0,1673.85,1610.1632,2386.0
2328,2014-08-26,1726.5,1726.5,1692.0,1699.65,1634.9816,44849.0
2327,2014-08-25,1700.5,1739.0,1692.8,1719.05,1653.6432,2567.0
2326,2014-08-22,1640.0,1710.0,1640.0,1700.5,1635.7992,57384.0
2325,2014-08-21,1625.0,1660.0,1625.0,1648.1,1585.3929,2402.0
2324,2014-08-20,1607.2,1634.0,1599.45,1625.15,1563.3163,1057.0
2323,2014-08-19,1570.05,1624.95,1565.0,1622.55,1560.8153,2751.0
2322,2014-08-18,1607.0,1607.05,1544.0,1558.05,1498.769,7106.0
2321,2014-08-14,1638.95,1638.95,1620.05,1622.65,1560.9111,30322.0
2320,2014-08-13,1641.05,1644.9,1621.75,1635.65,1573.4167,1313.0
2319,2014-08-12,1610.0,1659.5,1610.0,1644.5,1581.9298,1710.0
2318,2014-08-11,1605.0,1635.0,1603.0,1619.25,1557.6405,9311.0
2317,2014-08-08,1600.0,1610.0,1590.5,1602.95,1541.9607,6403.0
2316,2014-08-07,1610.0,1619.9,1585.0,1605.0,1543.9329,2553.0
2315,2014-08-06,1675.0,1676.95,1601.0,1619.0,1557.4,43191.0
2314,2014-08-05,1688.0,1688.95,1662.05,1675.9,1612.1351,1056.0
2313,2014-08-04,1704.75,1704.75,1665.0,1687.75,1623.5344,151590.0
2312,2014-08-01,1680.0,1710.0,1655.0,1700.0,1635.3181,32650.0
2311,2014-07-31,1681.05,1720.0,1681.0,1699.9,1635.2219,35147.0
2310,2014-07-30,1720.0,1720.0,1680.0,1691.5,1627.1417,4171.0
2309,2014-07-28,1700.0,1747.4,1660.0,1713.7,1648.4969,2738.0
2308,2014-07-25,1740.0,1740.0,1690.0,1696.0,1631.4703,4300.0
2307,2014-07-24,1849.0,1849.0,1758.05,1771.65,1704.2422,1732.0
2306,2014-07-23,1799.0,1817.0,1744.05,1787.35,1719.3447,2709.0
2305,2014-07-22,1680.0,1799.5,1650.0,1777.7,1710.0619,2572.0
2304,2014-07-21,1629.95,1710.0,1629.95,1698.1,1633.4904,5582.0
2303,2014-07-18,1605.0,1640.1,1550.0,1605.75,1544.6543,189257.0
2302,2014-07-17,1594.95,1605.0,1575.0,1599.15,1532.5338,3087.0
2301,2014-07-16,1610.0,1610.0,1550.05,1568.15,1502.8251,4452.0
2300,2014-07-15,1530.95,1600.0,1530.95,1577.05,1511.3544,9259.0
2299,2014-07-14,1520.0,1539.7,1520.0,1531.5,1467.7019,1261.0
2298,2014-07-11,1535.95,1550.0,1515.0,1520.1,1456.7766,2061.0
2297,2014-07-10,1572.65,1572.65,1510.05,1525.6,1462.0476,6373.0
2296,2014-07-09,1510.05,1573.9,1510.05,1537.8,1473.7394,4012.0
2295,2014-07-08,1540.05,1563.0,1540.0,1543.6,1479.2976,4933.0
2294,2014-07-07,1491.0,1550.0,1491.0,1544.55,1480.2084,179032.0
2293,2014-07-04,1500.0,1502.0,1475.05,1491.7,1429.5597,433.0
2292,2014-07-03,1500.0,1514.95,1480.0,1500.05,1437.5619,1600.0
2291,2014-07-02,1499.0,1525.0,1475.0,1504.2,1441.5391,7082.0
2290,2014-07-01,1451.7,1501.1,1451.7,1488.25,1426.2534,1830.0
2289,2014-06-30,1470.0,1470.0,1432.05,1466.4,1405.3137,2914.0
2288,2014-06-27,1410.0,1420.0,1400.05,1415.2,1356.2465,41363.0
2287,2014-06-26,1405.95,1420.0,1390.0,1398.0,1339.7628,1354.0
2286,2014-06-25,1478.0,1478.0,1405.0,1415.25,1356.2943,14711.0
2285,2014-06-24,1420.05,1454.7,1410.0,1414.1,1355.1923,26197.0
2284,2014-06-23,1390.0,1447.7,1390.0,1427.6,1368.1299,28740.0
2283,2014-06-20,1437.85,1437.85,1385.0,1390.2,1332.2881,2748.0
2282,2014-06-19,1464.0,1464.0,1420.0,1429.1,1369.5676,5418.0
2281,2014-06-18,1445.0,1470.75,1445.0,1460.0,1399.1803,536.0
2280,2014-06-17,1478.5,1530.0,1432.0,1451.5,1391.0343,8897.0
2279,2014-06-16,1470.0,1471.0,1430.1,1453.1,1392.5676,1002.0
2278,2014-06-13,1519.0,1519.0,1455.0,1470.35,1409.0992,1351.0
2277,2014-06-12,1480.05,1517.0,1470.35,1506.65,1443.8872,11817.0
2276,2014-06-11,1509.95,1529.9,1465.0,1499.5,1437.0348,31679.0
2275,2014-06-10,1520.0,1520.0,1471.0,1497.3,1434.9265,4271.0
2274,2014-06-09,1539.0,1539.0,1491.0,1511.3,1448.3435,2054.0
2273,2014-06-06,1450.0,1570.7,1430.3,1517.8,1454.5725,10040.0
2272,2014-06-05,1410.0,1440.0,1410.0,1425.15,1365.782,39750.0
2271,2014-06-04,1441.15,1459.95,1380.15,1438.05,1378.1447,4300.0
2270,2014-06-03,1430.0,1475.0,1425.0,1431.65,1372.0112,2798.0
2269,2014-06-02,1439.5,1470.0,1405.0,1466.85,1405.7449,2258.0
2268,2014-05-30,1430.6,1450.0,1402.05,1432.45,1372.778,45265.0
2267,2014-05-29,1418.55,1435.05,1418.55,1430.6,1371.0051,20413.0
2266,2014-05-28,1434.8,1449.35,1402.0,1443.35,1383.224,973.0
2265,2014-05-27,1387.9,1430.0,1385.25,1424.8,1365.4468,22351.0
2264,2014-05-26,1425.3,1425.3,1371.0,1399.2,1340.9131,10800.0
2263,2014-05-23,1430.0,1448.0,1366.5,1437.25,1377.3779,2303.0
2262,2014-05-22,1370.15,1425.0,1362.1,1394.45,1336.3608,7422.0
2261,2014-05-21,1396.0,1396.0,1370.0,1389.9,1332.0007,2756.0
2260,2014-05-20,1376.0,1405.0,1360.05,1397.45,1339.236,2797.0
2259,2014-05-19,1375.0,1380.0,1323.7,1372.35,1315.1815,2994.0
2258,2014-05-16,1402.05,1402.5,1319.8,1370.65,1313.5525,7737.0
2257,2014-05-15,1381.05,1405.0,1356.6,1396.25,1338.0861,2318.0
2256,2014-05-14,1410.0,1410.0,1370.0,1380.3,1322.8003,32511.0
2255,2014-05-13,1370.15,1425.05,1370.15,1406.0,1347.4297,9700.0
2254,2014-05-12,1336.8,1399.45,1305.1,1370.15,1313.0735,22600.0
2253,2014-05-09,1204.0,1349.4,1204.0,1336.8,1281.1125,13298.0
2252,2014-05-08,1240.0,1270.0,1240.0,1266.25,1213.5013,616167.0
2251,2014-05-07,1251.0,1270.0,1230.1,1244.4,1192.5615,12675.0
2250,2014-05-06,1230.0,1237.9,1200.0,1223.45,1172.4841,6291.0
2249,2014-05-05,1244.9,1244.9,1201.05,1214.2,1163.6196,7651.0
2248,2014-05-02,1195.0,1249.9,1193.0,1233.2,1181.8282,27146.0
2247,2014-04-30,1149.0,1192.95,1149.0,1182.4,1133.1444,15904.0
2246,2014-04-29,1156.1,1159.5,1110.0,1145.1,1097.3981,20174.0
2245,2014-04-28,1180.0,1199.0,1137.4,1145.65,1097.9253,3105.0
2244,2014-04-25,1210.05,1217.9,1187.35,1195.45,1145.6506,20346.0
2243,2014-04-24,1210.0,1210.0,1210.0,1210.0,1159.5946,0.0
2242,2014-04-23,1200.0,1224.0,1180.5,1210.0,1159.5946,4343.0
2241,2014-04-22,1230.0,1230.0,1220.0,1225.4,1174.3531,6203.0
2240,2014-04-21,1215.0,1224.0,1215.0,1220.45,1169.6091,4727.0
2239,2014-04-17,1199.95,1219.95,1195.0,1214.2,1163.6196,6744.0
2238,2014-04-16,1212.15,1216.05,1180.05,1198.45,1148.5258,2211.0
2237,2014-04-15,1194.1,1230.0,1194.1,1216.45,1165.776,10489.0
2236,2014-04-11,1210.0,1210.0,1205.0,1206.2,1155.9528,3633.0
2235,2014-04-10,1218.9,1219.0,1204.05,1206.5,1156.2404,3572.0
2234,2014-04-09,1210.0,1219.0,1201.55,1214.2,1163.6196,3705.0
2233,2014-04-07,1220.0,1229.0,1200.05,1218.85,1168.0758,4620.0
2232,2014-04-04,1203.0,1246.95,1203.0,1219.65,1168.8427,12736.0
2231,2014-04-03,1180.0,1249.0,1175.05,1226.4,1175.3114,485094.0
2230,2014-04-02,1139.85,1175.0,1130.0,1171.1,1122.3151,17083.0
2229,2014-04-01,1135.0,1150.0,1111.0,1114.8,1068.3606,31530.0
2228,2014-03-31,1089.95,1175.0,1075.5,1100.55,1054.704,82606.0
2227,2014-03-28,1050.0,1079.8,1050.0,1072.5,1027.8223,2459.0
2226,2014-03-27,1051.0,1063.0,1039.85,1052.3,1008.4642,4283.0
2225,2014-03-26,1058.4,1080.0,1041.6,1055.25,1011.2911,1834.0
2224,2014-03-25,1030.05,1060.0,1028.5,1040.2,996.8679,11717.0
2223,2014-03-24,1034.45,1045.0,1021.0,1026.95,984.17,26528.0
2222,2014-03-22,0.0,0.0,0.0,0.0,0.0,0.0
2221,2014-03-21,1000.0,1029.3,999.85,1015.5,973.197,122829.0
2220,2014-03-20,1000.0,1017.4,991.0,1000.0,958.3426,203276.0
2219,2014-03-19,999.8,1005.0,995.0,1000.0,958.3426,58777.0
2218,2014-03-18,999.75,1010.0,992.1,999.8,958.1509,33722.0
2217,2014-03-14,999.0,1000.0,981.5,992.05,950.7238,4008.0
2216,2014-03-13,971.25,1000.0,970.0,994.4,952.976,424079.0
2215,2014-03-12,965.0,990.0,965.0,980.5,939.655,9231.0
2214,2014-03-11,1000.35,1026.65,982.5,992.55,951.2031,123803.0
2213,2014-03-10,971.0,1034.85,971.0,1012.8,970.6094,7797.0
2212,2014-03-07,979.95,980.0,956.1,976.45,935.7737,4567.0
2211,2014-03-06,974.95,979.0,970.0,975.6,934.9591,3412.0
2210,2014-03-05,963.1,972.0,961.55,970.25,929.832,277.0
2209,2014-03-04,965.0,980.0,928.1,963.85,923.6987,3967.0
2208,2014-03-03,970.05,980.0,945.05,961.85,921.7819,5557.0
2207,2014-02-28,966.0,984.0,966.0,971.0,930.5507,356.0
2206,2014-02-26,979.85,983.9,967.0,970.85,930.4069,450.0
2205,2014-02-25,975.7,985.05,970.0,971.0,930.5507,1593.0
2204,2014-02-24,950.0,980.0,950.0,970.3,929.8799,1678.0
2203,2014-02-21,983.0,985.0,950.3,960.0,920.009,4058.0
2202,2014-02-20,965.0,983.55,955.0,963.45,923.3152,894.0
2201,2014-02-19,970.0,975.0,950.0,958.75,918.8109,1405.0
2200,2014-02-18,951.35,986.0,950.0,969.6,929.209,1509.0
2199,2014-02-17,970.0,970.65,939.5,949.0,909.4672,1101.0
2198,2014-02-14,968.0,972.0,953.05,969.4,929.0174,1921.0
2197,2014-02-13,970.0,974.85,952.1,965.05,924.8486,1131.0
2196,2014-02-12,1064.0,1064.0,905.3,968.35,928.011,2186.0
2195,2014-02-11,994.0,1009.95,941.6,957.55,917.6611,5205.0
2194,2014-02-10,962.6,999.0,960.0,987.9,946.7466,720.0
2193,2014-02-07,979.95,980.0,960.0,970.75,930.311,467.0
2192,2014-02-06,957.0,978.35,942.0,964.1,923.9382,1529.0
2191,2014-02-05,970.05,983.9,940.0,963.15,923.0277,16187.0
2190,2014-02-04,970.05,978.9,968.05,971.25,930.7903,413.0
2189,2014-02-03,975.0,989.2,966.9,969.75,929.3529,1813.0
2188,2014-01-31,1000.0,1000.0,970.0,974.65,934.0488,693.0
2187,2014-01-30,1000.0,1005.0,960.1,970.6,930.1672,4173.0
2186,2014-01-29,1027.4,1027.4,980.0,991.6,950.2926,8681.0
2185,2014-01-28,1030.0,1049.9,1002.0,1006.75,964.8115,3489.0
2184,2014-01-27,1035.0,1053.0,1021.0,1034.05,990.9742,4379.0
2183,2014-01-24,1032.55,1034.3,1030.0,1030.05,987.1409,216.0
2182,2014-01-23,1048.0,1048.0,1030.0,1032.15,989.1534,1105.0
2181,2014-01-22,1035.05,1035.05,1030.0,1031.2,988.2429,906.0
2180,2014-01-21,1030.15,1041.95,1030.0,1040.0,996.6765,352.0
2179,2014-01-20,1064.95,1064.95,1028.95,1033.55,990.4951,3051.0
2178,2014-01-17,1038.15,1045.05,1030.0,1030.0,987.093,1909.0
2177,2014-01-16,1045.0,1045.0,1024.55,1031.2,988.2429,3349.0
2176,2014-01-15,1056.25,1056.25,1045.0,1050.3,1006.5474,540.0
2175,2014-01-14,1032.05,1058.45,1032.05,1046.45,1002.8577,133.0
2174,2014-01-13,1026.0,1049.0,1026.0,1045.05,1001.5161,5066.0
2173,2014-01-10,1065.0,1079.9,1026.8,1031.0,988.0514,97494.0
2172,2014-01-09,1065.0,1080.05,1060.0,1065.0,1020.635,108531.0
2171,2014-01-08,1063.0,1065.0,1061.15,1065.0,1020.635,2873.0
2170,2014-01-07,1058.7,1064.9,1055.2,1058.85,1014.7411,565.0
2169,2014-01-06,1060.0,1062.0,1055.1,1060.2,1016.0349,274.0
2168,2014-01-03,1059.5,1063.0,1055.1,1060.55,1016.3705,401.0
2167,2014-01-02,1062.0,1062.95,1060.05,1061.05,1016.8494,439.0
2166,2014-01-01,1064.95,1065.0,1060.0,1064.2,1019.8682,3804.0
2165,2013-12-31,1064.85,1065.0,1061.0,1063.55,1019.2454,10825.0
2164,2013-12-30,1056.0,1065.0,1051.15,1064.85,1020.4909,2337.0
2163,2013-12-27,1060.0,1065.0,1051.05,1061.15,1016.9453,9819.0
2162,2013-12-26,1060.0,1065.0,1060.0,1064.85,1020.4909,11861.0
2161,2013-12-24,1040.0,1064.5,1026.5,1058.4,1014.3099,1568.0
2160,2013-12-23,1060.0,1060.0,1020.0,1034.35,991.2617,3859.0
2159,2013-12-20,1063.95,1063.95,1056.0,1060.0,1015.8433,1996.0
2158,2013-12-19,1064.0,1065.0,1055.8,1064.9,1020.539,7319.0
2157,2013-12-18,1055.95,1065.0,1053.8,1064.85,1020.4909,8138.0
2156,2013-12-17,1061.1,1065.05,1046.3,1051.75,1007.9369,5677.0
2155,2013-12-16,1075.0,1075.0,1060.05,1064.3,1019.9642,7854.0
2154,2013-12-13,1060.0,1067.5,1060.0,1062.0,1017.7599,6545.0
2153,2013-12-12,1070.0,1094.95,1060.0,1063.6,1019.2933,5828.0
2152,2013-12-11,1054.15,1065.0,1051.0,1059.1,1014.9808,26111.0
2151,2013-12-10,1057.0,1070.0,1051.3,1055.45,1011.4827,12699.0
2150,2013-12-09,1052.0,1085.0,1052.0,1067.4,1022.935,48737.0
2149,2013-12-06,1060.0,1069.9,1055.0,1062.15,1017.9037,3382.0
2148,2013-12-05,1075.0,1075.0,1056.95,1064.95,1020.5869,5379.0
2147,2013-12-04,1060.05,1068.5,1040.3,1053.45,1009.5659,5683.0
2146,2013-12-03,1079.95,1079.95,1060.0,1064.4,1020.0598,60952.0
2145,2013-12-02,1063.05,1070.0,1061.3,1064.75,1020.3954,4143.0
2144,2013-11-29,1075.0,1075.0,1063.05,1067.45,1022.9828,3743.0
2143,2013-11-28,1063.3,1073.0,1063.3,1070.05,1025.4746,6540.0
2142,2013-11-27,1065.0,1076.0,1065.0,1070.8,1026.1934,10822.0
2141,2013-11-26,1084.0,1084.0,1055.05,1068.3,1023.7976,8647.0
2140,2013-11-25,1079.65,1080.0,1055.45,1070.55,1025.9539,7260.0
2139,2013-11-22,1080.0,1086.6,1065.0,1076.1,1031.2723,7762.0
2138,2013-11-21,1055.0,1080.0,1055.0,1076.7,1031.8475,6859.0
2137,2013-11-20,1072.0,1090.0,1062.1,1070.4,1025.8101,16209.0
2136,2013-11-19,1070.0,1097.95,1049.0,1066.3,1021.881,3830.0
2135,2013-11-18,1006.1,1069.95,1006.1,1050.3,1006.5474,897.0
2134,2013-11-14,1075.0,1075.0,1021.85,1053.45,1009.5659,580.0
2133,2013-11-13,1065.0,1065.0,1030.0,1043.6,1000.1265,5429.0
2132,2013-11-12,1075.0,1097.95,1058.0,1070.25,1025.6663,528.0
2131,2013-11-11,1060.0,1089.7,1020.05,1073.65,1028.9246,1677.0
2130,2013-11-08,1073.05,1080.0,1045.05,1050.3,1006.5474,4352.0
2129,2013-11-07,1102.6,1107.0,1079.0,1081.7,1036.6392,1285.0
2128,2013-11-06,1096.9,1110.0,1080.0,1090.85,1041.5747,7306.0
2127,2013-11-05,982.15,1160.0,982.15,1096.9,1047.3516,14860.0
2126,2013-11-01,1007.05,1017.0,977.3,999.5,954.3512,28861.0
2125,2013-10-31,1015.0,1020.0,997.0,1011.35,965.6659,998.0
2124,2013-10-30,996.0,1020.0,991.0,1009.65,964.0427,775.0
2123,2013-10-29,1000.0,1008.0,989.05,1003.55,958.2182,1474.0
2122,2013-10-28,966.0,1009.0,966.0,992.45,947.6196,11445.0
2121,2013-10-25,979.95,985.0,961.1,966.85,923.176,516.0
2120,2013-10-24,997.0,1005.0,971.15,972.75,928.8094,408.0
2119,2013-10-23,988.1,995.0,970.55,989.95,945.2325,90804.0
2118,2013-10-22,965.0,984.95,961.05,978.1,933.9178,716.0
2117,2013-10-21,987.3,987.3,960.0,960.8,917.3992,11897.0
2116,2013-10-18,985.0,990.0,965.0,968.7,924.9423,624.0
2115,2013-10-17,986.2,994.65,965.0,980.4,936.1139,299.0
2114,2013-10-15,1003.95,1003.95,982.3,982.85,938.4531,33355.0
2113,2013-10-14,990.0,1009.9,980.05,988.65,943.9913,632.0
2112,2013-10-11,985.0,1006.0,971.45,1005.1,959.6981,544.0
2111,2013-10-10,955.05,1010.0,955.0,984.55,940.0764,16709.0
2110,2013-10-09,970.9,971.0,943.6,958.95,915.6328,537.0
2109,2013-10-08,1028.95,1029.0,961.0,971.2,927.3295,1328.0
2108,2013-10-07,1000.15,1019.95,988.7,994.2,949.2905,265.0
2107,2013-10-04,1040.0,1045.0,1017.5,1023.45,977.2192,70406.0
2106,2013-10-03,1054.0,1054.0,1031.05,1041.25,994.2152,538.0
2105,2013-10-01,1050.0,1054.0,1034.3,1049.85,1002.4266,5162.0
2104,2013-09-30,1056.0,1067.0,1050.0,1058.05,1010.2562,60913.0
2103,2013-09-27,1040.05,1070.0,1040.0,1058.75,1010.9246,1558.0
2102,2013-09-26,1081.0,1081.0,1050.0,1065.15,1017.0356,1083.0
2101,2013-09-25,1055.0,1068.0,1034.4,1061.5,1013.5504,2663.0
2100,2013-09-24,1070.0,1070.0,1010.0,1050.95,1003.477,5825.0
2099,2013-09-23,1074.95,1090.0,1059.55,1083.75,1034.7953,4740.0
2098,2013-09-20,1010.0,1095.0,980.1,1085.8,1036.7529,30745.0
2097,2013-09-19,1045.0,1060.0,990.0,999.4,954.2556,3390.0
2096,2013-09-18,1000.0,1054.5,966.55,1023.95,977.6967,107492.0
2095,2013-09-17,937.55,999.95,930.1,985.75,941.2223,4998.0
2094,2013-09-16,925.0,925.0,901.0,922.85,881.1635,2111.0
2093,2013-09-13,900.15,920.0,890.0,910.75,869.6101,1200.0
2092,2013-09-12,900.0,925.0,900.0,920.05,878.49,2648.0
2091,2013-09-11,890.0,905.0,890.0,890.7,850.4658,2296.0
2090,2013-09-10,900.0,903.0,892.0,899.95,859.298,883.0
2089,2013-09-06,900.0,905.0,893.0,900.15,859.4889,3745.0
2088,2013-09-05,899.85,899.9,877.1,894.7,854.2851,1854.0
2087,2013-09-04,895.0,900.0,888.05,890.75,850.5134,13636.0
2086,2013-09-03,900.55,900.55,880.0,891.4,851.1341,100588.0
2085,2013-09-02,909.35,924.8,900.0,904.25,863.4036,549.0
2084,2013-08-30,890.8,908.45,890.0,900.0,859.3457,2670.0
2083,2013-08-29,850.35,903.55,850.35,899.65,859.0115,693.0
2082,2013-08-28,902.2,902.25,881.3,899.65,859.0115,3873.0
2081,2013-08-27,900.05,900.05,880.05,897.1,856.5767,6924.0
2080,2013-08-26,900.0,900.0,895.0,897.0,856.4811,38.0
2079,2013-08-23,899.95,900.0,890.2,897.35,856.8154,2915.0
2078,2013-08-22,890.05,900.0,887.05,899.75,859.1069,1135.0
2077,2013-08-21,870.0,913.15,870.0,901.75,861.0167,5085.0
2076,2013-08-20,899.75,903.0,890.0,899.8,859.1547,5435.0
2075,2013-08-19,910.0,910.0,865.35,896.9,856.3857,4417.0
2074,2013-08-16,919.85,920.0,881.3,901.1,860.396,199253.0
2073,2013-08-14,894.9,914.95,880.25,911.25,870.0876,361.0
2072,2013-08-13,880.05,889.0,875.15,882.25,842.3975,363.0
2071,2013-08-12,885.05,899.95,866.2,885.45,845.453,2166.0
2070,2013-08-08,860.05,900.0,855.0,885.6,845.5962,2336.0
2069,2013-08-07,897.0,899.9,856.0,860.2,821.3436,2292.0
2068,2013-08-06,900.0,905.0,880.0,880.75,840.9652,50632.0
2067,2013-08-05,905.4,910.0,891.05,900.0,859.3457,30400.0
2066,2013-08-02,905.05,908.0,890.65,900.65,859.9663,2601.0
2065,2013-08-01,935.05,974.95,880.0,910.2,869.0848,46573.0
2064,2013-07-31,935.0,935.0,908.55,930.0,887.9905,123093.0
2063,2013-07-30,935.05,937.0,935.0,935.1,892.8602,860.0
2062,2013-07-29,950.2,950.2,930.1,935.2,892.9557,66710.0
2061,2013-07-26,949.95,951.3,949.95,950.2,907.2781,5393.0
2060,2013-07-25,960.0,960.05,950.0,950.05,907.1348,45570.0
2059,2013-07-24,940.05,950.05,927.05,945.2,902.504,625.0
2058,2013-07-23,945.0,964.0,945.0,950.1,907.1827,623.0
2057,2013-07-22,930.05,945.0,930.0,942.15,899.5917,1054.0
2056,2013-07-19,920.35,953.5,920.0,937.45,895.1041,1978.0
2055,2013-07-18,926.9,938.95,906.0,915.05,873.7158,1183.0
2054,2013-07-17,955.25,970.0,940.0,942.35,899.7827,1365.0
2053,2013-07-16,963.6,965.0,960.1,961.85,912.6728,758.0
2052,2013-07-15,989.0,990.0,970.0,973.45,923.6797,1028.0
2051,2013-07-12,994.95,994.95,971.05,978.3,928.2818,524.0
2050,2013-07-11,989.0,1010.0,985.0,989.45,938.8618,85403.0
2049,2013-07-10,990.3,1010.0,972.0,980.5,930.3693,62001.0
2048,2013-07-09,990.05,1000.0,976.2,992.1,941.3762,602466.0
2047,2013-07-08,1000.0,1000.0,982.0,988.95,938.3873,113859.0
2046,2013-07-05,996.6,1007.3,996.0,999.6,948.4928,63.0
2045,2013-07-04,1010.0,1011.75,995.15,1000.0,948.8724,21782.0
2044,2013-07-03,1014.0,1014.9,995.05,999.9,948.7775,2420.0
2043,2013-07-02,990.05,1020.0,985.0,1013.95,962.1091,272.0
2042,2013-07-01,1120.0,1120.0,995.0,1000.05,948.9198,1689.0
2041,2013-06-28,1014.9,1015.0,1001.0,1008.7,957.1275,5234.0
2040,2013-06-27,1014.9,1015.95,1004.0,1011.2,959.4998,61541.0
2039,2013-06-26,1015.0,1015.0,992.25,1000.65,949.4892,783.0
2038,2013-06-25,1008.95,1009.0,983.0,1003.9,952.5729,223.0
2037,2013-06-24,1035.05,1035.05,990.1,999.85,948.73,1296.0
2036,2013-06-21,1025.0,1040.0,1021.05,1026.05,973.5905,380.0
2035,2013-06-20,1039.0,1050.0,1015.0,1030.65,977.9552,325.0
2034,2013-06-19,1036.0,1050.0,1020.05,1027.4,974.8715,10114.0
2033,2013-06-18,1060.0,1060.0,1040.0,1040.4,987.2067,101.0
2032,2013-06-17,1045.0,1055.0,1045.0,1048.65,995.035,295.0
2031,2013-06-14,1045.5,1058.0,1040.0,1041.95,988.6776,1160.0
2030,2013-06-13,1023.9,1050.0,1005.0,1041.6,988.3453,1929.0
2029,2013-06-12,1038.0,1048.9,1010.0,1017.75,965.7147,794.0
2028,2013-06-11,1045.5,1058.75,1045.5,1045.5,992.0459,264.0
2027,2013-06-10,1050.0,1074.45,1036.0,1041.95,988.6776,6368.0
2026,2013-06-07,1067.9,1067.9,1024.0,1028.85,976.2472,2069.0
2025,2013-06-06,1094.9,1094.9,1050.0,1060.95,1006.7059,1018.0
2024,2013-06-05,1099.9,1099.95,1075.0,1076.35,1021.3185,378.0
2023,2013-06-04,1075.0,1108.0,1075.0,1086.1,1030.5703,824.0
2022,2013-06-03,1086.95,1106.0,1086.95,1103.6,1047.1755,883.0
2021,2013-05-31,1086.8,1100.0,1070.6,1078.1,1022.9791,78667.0
2020,2013-05-30,1105.0,1105.0,1071.25,1100.1,1043.8545,1341.0
2019,2013-05-29,1107.0,1120.0,1070.6,1076.5,1021.4611,106121.0
2018,2013-05-28,1120.0,1134.25,1100.0,1101.25,1044.9456,683.0
2017,2013-05-27,1100.0,1105.0,1090.0,1100.35,1044.0919,165547.0
2016,2013-05-24,1144.95,1144.95,1085.1,1099.5,1043.285,5410.0
2015,2013-05-23,1127.65,1130.05,1100.0,1103.55,1047.1279,913.0
2014,2013-05-22,1126.05,1130.05,1100.1,1127.65,1069.9959,2532.0
2013,2013-05-21,1112.9,1149.0,1112.9,1131.35,1073.5066,10989.0
2012,2013-05-20,1080.0,1144.4,1080.0,1097.0,1040.9127,3670.0
2011,2013-05-17,1054.95,1113.95,1045.05,1085.35,1029.8583,33586.0
2010,2013-05-16,1060.0,1074.8,1044.0,1046.9,993.3745,1109.0
2009,2013-05-15,1064.95,1090.0,1045.0,1056.6,1002.5785,1250.0
2008,2013-05-14,1059.0,1070.95,1043.0,1054.3,1000.3961,518.0
2007,2013-05-13,1049.0,1065.0,1041.25,1049.1,995.462,501.0
2006,2013-05-10,1050.0,1072.0,1047.05,1060.5,1006.2791,12841.0
2005,2013-05-09,1060.0,1085.0,1031.05,1044.75,991.3345,1437.0
2004,2013-05-08,1027.0,1060.0,1027.0,1058.3,1004.1916,1001.0
2003,2013-05-07,1018.1,1049.0,1018.05,1034.45,981.5609,7180.0
2002,2013-05-06,1027.0,1027.95,1014.0,1018.05,965.9993,317.0
2001,2013-05-03,1030.0,1030.05,1025.0,1030.0,977.3386,75801.0
2000,2013-05-02,1027.0,1034.95,1010.1,1026.85,974.3495,26815.0
1999,2013-04-30,1027.0,1038.3,1016.5,1027.0,974.4918,69069.0
1998,2013-04-29,1010.0,1030.0,1010.0,1029.6,976.9589,2370.0
1997,2013-04-26,1015.0,1030.0,1007.95,1020.0,967.8497,19852.0
1996,2013-04-25,1020.0,1035.0,1019.95,1025.0,972.5941,216964.0
1995,2013-04-23,1020.0,1028.9,1020.0,1026.25,973.7803,5095.0
1994,2013-04-22,995.0,1035.0,983.0,1012.25,960.496,723.0
1993,2013-04-18,1010.3,1029.9,1005.0,1006.4,954.9451,4711.0
1992,2013-04-17,1016.3,1020.0,1005.25,1010.3,958.6458,2339.0
1991,2013-04-16,1038.85,1038.85,999.7,1020.65,968.4666,35685.0
1990,2013-04-15,1000.5,1032.05,1000.5,1020.15,967.9921,18937.0
1989,2013-04-12,1051.95,1055.0,1010.05,1019.25,967.138,515.0
1988,2013-04-11,1033.95,1053.85,1004.0,1049.7,996.0312,3652.0
1987,2013-04-10,952.05,1030.0,952.05,1028.6,976.01,1024.0
1986,2013-04-09,1088.95,1088.95,1010.0,1012.3,960.5434,1126.0
1985,2013-04-08,1040.0,1053.05,1025.0,1030.3,977.6233,530.0
1984,2013-04-05,1064.1,1114.95,1037.5,1052.1,998.3087,11607.0
1983,2013-04-04,1170.0,1199.45,1052.1,1098.35,1042.1938,44039.0
1982,2013-04-03,1055.0,1230.0,1050.05,1225.6,1162.9379,431836.0
1981,2013-04-02,1041.0,1049.95,1017.6,1041.95,988.6776,1099.0
1980,2013-04-01,1071.0,1071.0,1036.0,1040.5,987.3016,613.0
1979,2013-03-28,1015.05,1094.7,1011.0,1082.0,1026.6801,5903.0
1978,2013-03-26,1021.05,1026.0,1015.0,1021.0,968.7988,12938.0
1977,2013-03-25,1030.0,1049.9,1010.0,1011.55,959.8318,230.0
1976,2013-03-22,1020.0,1024.85,981.75,1014.15,962.2989,1704.0
1975,2013-03-21,1040.05,1048.95,1001.0,1036.6,983.6011,3150.0
1974,2013-03-20,1050.0,1059.95,1040.0,1045.6,992.1407,18295.0
1973,2013-03-19,1070.0,1075.0,1055.0,1055.05,1001.1077,10611.0
1972,2013-03-18,1055.0,1079.65,1055.0,1060.0,1005.8046,131043.0
1971,2013-03-15,1055.05,1069.0,1055.0,1055.0,1001.0604,422.0
1970,2013-03-14,1055.0,1070.0,1039.0,1066.8,1012.257,1064.0
1969,2013-03-13,1040.4,1048.95,1010.0,1044.35,990.9548,918.0
1968,2013-03-12,1069.95,1069.95,1031.6,1040.0,986.8272,659.0
1967,2013-03-11,1075.6,1075.6,1050.1,1055.1,1001.1552,518.0
1966,2013-03-08,1063.05,1085.0,1060.1,1070.0,1015.2934,236768.0
1965,2013-03-07,1059.8,1068.9,1055.1,1059.4,1005.2355,1882.0
1964,2013-03-06,1080.0,1087.95,1054.05,1066.4,1011.8775,2834.0
1963,2013-03-05,1052.0,1070.0,1051.0,1069.7,1015.0088,2220.0
1962,2013-03-04,1090.0,1100.0,1050.0,1060.95,1006.7059,4104.0
1961,2013-03-01,1080.0,1092.0,1061.0,1082.6,1027.2491,962.0
1960,2013-02-28,1096.9,1096.95,1070.0,1079.15,1023.9756,762.0
1959,2013-02-27,940.5,1099.95,940.5,1081.45,1026.1578,1198.0
1958,2013-02-26,1120.0,1120.0,1042.1,1086.25,1030.7128,15677.0
1957,2013-02-25,1169.0,1169.0,1117.95,1126.45,1068.8572,2859.0
1956,2013-02-22,1159.9,1159.9,1143.5,1148.0,1089.3053,6866.0
1955,2013-02-21,1159.05,1165.0,1143.0,1149.85,1091.0609,1345.0
1954,2013-02-20,1160.0,1166.05,1152.9,1158.1,1098.8892,518.0
1953,2013-02-19,1160.25,1173.8,1154.5,1157.95,1098.7466,36287.0
1952,2013-02-18,1163.05,1163.6,1150.65,1154.5,1095.4731,2502.0
1951,2013-02-15,1156.0,1166.5,1135.0,1150.0,1091.203,2481.0
1950,2013-02-14,1155.85,1176.4,1147.1,1150.25,1091.4404,2054.0
1949,2013-02-13,1136.1,1189.95,1136.1,1155.85,1096.754,11232.0
1948,2013-02-12,1130.0,1140.0,1126.15,1136.0,1077.9191,16276.0
1947,2013-02-11,1124.0,1149.0,1121.0,1126.15,1068.5726,178846.0
1946,2013-02-08,1115.25,1122.0,1107.35,1119.7,1062.4523,4098.0
1945,2013-02-07,1120.0,1121.0,1115.0,1117.5,1060.365,2899.0
1944,2013-02-06,1115.05,1129.0,1115.0,1125.3,1067.7659,3864.0
1943,2013-02-05,1103.05,1135.0,1103.05,1116.9,1059.7955,2240.0
1942,2013-02-04,1123.35,1140.0,1110.05,1135.2,1077.1599,2873.0
1941,2013-02-01,1101.0,1125.0,1099.0,1123.35,1065.9156,4366.0
1940,2013-01-31,1085.0,1101.0,1055.3,1098.4,1042.2416,11068.0
1939,2013-01-30,1120.0,1120.0,1070.0,1079.15,1023.9756,1765.0
1938,2013-01-29,1065.0,1090.0,1060.05,1081.85,1026.5376,5987.0
1937,2013-01-28,1072.05,1072.05,1046.35,1053.7,999.8267,26347.0
1936,2013-01-25,1035.0,1079.9,1016.1,1071.65,1016.8591,20490.0
1935,2013-01-24,1035.0,1054.0,1020.15,1043.1,989.7687,56961.0
1934,2013-01-23,1041.05,1049.9,1030.0,1035.25,982.3201,298841.0
1933,2013-01-22,1077.05,1085.0,1019.6,1032.6,979.8056,5562.0
1932,2013-01-21,1105.0,1129.0,1006.6,1077.05,1021.983,19439.0
1931,2013-01-18,1085.9,1104.95,1053.0,1100.0,1043.7595,6582.0
1930,2013-01-17,1072.55,1094.25,1060.2,1076.8,1021.7459,2919.0
1929,2013-01-16,1100.0,1109.95,1070.0,1071.6,1016.8115,1966.0
1928,2013-01-15,1105.0,1114.95,1086.1,1096.6,1040.5333,1664.0
1927,2013-01-14,1104.95,1129.0,1090.05,1109.0,1052.2996,59765.0
1926,2013-01-11,1100.0,1104.0,1092.0,1100.05,1043.8071,3043.0
1925,2013-01-10,1109.0,1110.0,1086.1,1094.85,1038.8729,13635.0
1924,2013-01-09,1091.0,1110.0,1087.0,1101.95,1045.6096,5790.0
1923,2013-01-08,1083.4,1120.0,1072.4,1086.9,1031.3292,89434.0
1922,2013-01-07,1088.45,1118.95,1076.1,1079.85,1024.6396,6365.0
1921,2013-01-04,1075.0,1115.0,1075.0,1083.65,1028.2455,39057.0
1920,2013-01-03,1045.7,1080.0,1020.0,1072.05,1017.2387,40785.0
1919,2013-01-02,985.0,1034.0,985.0,1027.3,974.7766,52767.0
1918,2013-01-01,985.0,1010.0,956.45,987.7,937.2012,11340.0
1917,2012-12-31,978.8,994.9,950.05,981.25,931.0809,28906.0
1916,2012-12-28,920.0,959.6,915.0,950.25,901.666,16992.0
1915,2012-12-27,914.75,915.0,908.0,911.05,864.4702,1252.0
1914,2012-12-26,910.0,919.8,908.2,915.75,868.9298,1552.0
1913,2012-12-24,905.05,920.0,895.0,902.45,856.3098,10713.0
1912,2012-12-21,890.05,915.0,889.05,909.25,862.7622,8359.0
1911,2012-12-20,890.0,899.9,870.25,892.95,847.2955,13986.0
1910,2012-12-19,905.0,925.0,851.6,871.05,826.5153,13273.0
1909,2012-12-18,870.4,895.0,870.0,889.95,844.4489,22779.0
1908,2012-12-17,870.35,892.0,863.15,877.4,832.5405,493.0
1907,2012-12-14,870.0,890.0,868.15,882.05,836.9528,4950.0
1906,2012-12-13,872.05,885.0,850.0,860.7,816.6945,4751.0
1905,2012-12-12,904.95,914.0,858.15,864.95,820.7271,4565.0
1904,2012-12-11,915.65,924.95,874.15,885.6,840.3214,1839.0
1903,2012-12-10,910.0,913.0,901.05,905.65,859.3463,751.0
1902,2012-12-07,930.0,930.0,895.0,910.95,864.3753,7774.0
1901,2012-12-06,930.0,930.0,905.35,921.75,874.6231,427.0
1900,2012-12-05,910.4,925.0,902.05,924.2,876.9478,2203.0
1899,2012-12-04,915.1,925.75,915.0,918.45,871.4918,306.0
1898,2012-12-03,910.15,945.0,900.0,917.15,870.2582,6227.0
1897,2012-11-30,917.0,939.8,900.35,924.15,876.9004,3096.0
1896,2012-11-29,878.0,923.9,871.95,914.25,867.5065,14333.0
1895,2012-11-27,877.0,877.0,860.0,871.75,827.1794,1560.0
1894,2012-11-26,909.9,941.1,860.05,871.95,827.3693,122029.0
1893,2012-11-23,880.0,899.0,880.0,894.35,848.624,2796.0
1892,2012-11-22,881.9,897.0,870.0,892.65,847.011,2869.0
1891,2012-11-21,870.0,890.0,865.0,878.55,833.6318,4266.0
1890,2012-11-20,879.3,906.85,874.95,879.5,834.5331,3799.0
1889,2012-11-19,865.0,875.0,865.0,873.8,829.1246,1706.0
1888,2012-11-16,843.9,859.9,841.5,859.9,815.9352,55225.0
1887,2012-11-15,835.0,850.0,825.0,843.95,800.8008,6317.0
1886,2012-11-12,825.0,843.6,820.0,833.75,788.7501,3034.0
1885,2012-11-11,0.0,0.0,0.0,0.0,0.0,0.0
1884,2012-11-09,819.9,850.0,815.05,821.85,777.4925,197090.0
1883,2012-11-08,810.0,818.95,810.0,810.15,766.4239,218.0
1882,2012-11-07,820.0,824.0,811.05,813.25,769.3564,1354.0
1881,2012-11-06,819.5,824.9,803.6,811.1,767.3227,1276.0
1880,2012-11-05,825.0,831.05,796.6,812.55,768.6945,2815.0
1879,2012-11-02,784.65,825.0,781.0,825.0,780.4724,34638.0
1878,2012-11-01,760.15,785.0,755.05,778.2,736.1983,6735.0
1877,2012-10-31,765.35,787.8,757.15,780.85,738.7053,26322.0
1876,2012-10-30,811.0,811.0,771.0,779.25,737.1917,79106.0
1875,2012-10-29,809.0,820.0,804.0,818.1,773.9449,6743.0
1874,2012-10-25,800.35,805.0,797.7,800.75,757.5311,110.0
1873,2012-10-23,804.0,804.5,800.0,801.9,758.6192,333.0
1872,2012-10-22,795.0,805.0,795.0,802.7,759.376,14376.0
1871,2012-10-19,810.0,818.0,800.0,800.15,756.9636,7040.0
1870,2012-10-18,800.3,804.6,800.0,801.2,757.957,1464.0
1869,2012-10-17,800.15,802.95,800.0,800.2,757.011,923.0
1868,2012-10-16,802.0,804.5,799.0,800.1,756.9162,17762.0
1867,2012-10-15,805.0,808.0,800.5,803.25,759.8963,111.0
1866,2012-10-12,807.05,814.8,805.2,811.7,767.8903,77988.0
1865,2012-10-11,797.15,821.85,796.0,812.75,768.8835,15945.0
1864,2012-10-10,800.0,805.0,771.0,797.75,754.6932,2514874.0
1863,2012-10-09,795.0,808.8,790.7,804.85,761.41,116969.0
1862,2012-10-08,791.95,804.0,785.5,789.1,746.51,8672.0
1861,2012-10-05,795.0,795.0,780.5,785.25,742.8679,15835.0
1860,2012-10-04,798.1,798.5,790.65,792.0,749.2535,1695.0
1859,2012-10-03,790.0,802.0,784.0,796.1,753.1323,7094.0
1858,2012-10-01,765.45,790.0,764.0,786.25,743.814,19178.0
1857,2012-09-28,764.0,774.9,757.95,765.45,724.1365,36365.0
1856,2012-09-27,759.4,764.8,752.0,755.15,714.3925,16685.0
1855,2012-09-26,770.0,773.0,750.0,750.0,709.5203,2490689.0
1854,2012-09-25,776.0,783.95,770.0,771.0,729.387,1201.0
1853,2012-09-24,785.0,785.0,771.5,775.5,733.6441,1692.0
1852,2012-09-21,780.0,785.05,774.0,780.3,738.185,24370.0
1851,2012-09-20,779.95,800.0,770.0,780.0,737.9012,10584.0
1850,2012-09-18,780.0,780.0,773.1,778.5,736.4821,1323.0
1849,2012-09-17,775.0,780.05,775.0,778.05,736.0565,2113.0
1848,2012-09-14,780.0,782.95,772.0,778.8,736.766,3680.0
1847,2012-09-13,776.55,779.9,773.0,776.85,734.9211,2780.0
1846,2012-09-12,775.0,780.0,770.0,778.6,736.5767,7097.0
1845,2012-09-11,778.0,779.9,772.0,778.1,736.1037,2372.0
1844,2012-09-10,765.05,780.0,760.0,778.25,736.2457,9478.0
1843,2012-09-08,0.0,0.0,0.0,0.0,0.0,0.0
1842,2012-09-07,780.0,780.0,766.2,776.5,734.5901,4522.0
1841,2012-09-06,780.0,781.0,770.3,776.0,734.1171,4693.0
1840,2012-09-05,778.0,778.0,767.35,776.1,734.2117,4338.0
1839,2012-09-04,765.0,774.0,760.5,766.35,724.9879,9260.0
1838,2012-09-03,756.5,764.0,756.5,762.1,720.9673,30533.0
1837,2012-08-31,750.1,763.95,748.0,753.65,712.9733,7708.0
1836,2012-08-30,741.1,748.5,741.05,747.05,706.7295,131.0
1835,2012-08-29,750.0,750.0,736.0,746.25,705.9727,2783.0
1834,2012-08-28,725.0,753.0,725.0,748.95,708.527,14216.0
1833,2012-08-27,739.95,747.0,735.1,739.5,699.5871,8015.0
1832,2012-08-24,730.0,739.7,725.05,734.75,695.0936,3036.0
1831,2012-08-23,715.0,735.0,710.1,729.35,689.985,4724.0
1830,2012-08-22,714.9,720.0,705.1,719.8,680.9503,2023.0
1829,2012-08-21,710.5,715.0,710.0,710.55,672.1996,3821.0
1828,2012-08-17,714.0,715.0,705.0,709.8,671.4901,2623.0
1827,2012-08-16,711.0,714.0,705.0,710.9,672.5307,2489.0
1826,2012-08-14,711.0,714.0,707.0,710.3,671.9631,1696.0
1825,2012-08-13,705.05,715.0,700.05,712.7,674.2336,3095.0
1824,2012-08-10,706.95,710.0,700.0,706.4,668.2736,5445.0
1823,2012-08-09,700.05,709.8,700.0,707.0,668.8413,2796.0
1822,2012-08-08,701.0,701.0,690.0,700.0,662.219,2118.0
1821,2012-08-07,682.55,710.0,682.55,704.95,666.9018,1062.0
1820,2012-08-06,700.15,709.0,685.4,698.4,660.7054,217.0
1819,2012-08-03,715.0,715.0,700.0,701.8,663.9219,101.0
1818,2012-08-02,701.35,711.0,701.0,707.2,669.0304,203.0
1817,2012-08-01,682.1,709.9,682.1,700.3,662.5027,1224.0
1816,2012-07-31,700.0,715.0,686.0,701.7,663.8273,180.0
1815,2012-07-30,724.4,724.4,692.0,710.85,672.4834,2846.0
1814,2012-07-27,690.0,690.0,685.0,686.0,648.9746,134.0
1813,2012-07-26,675.05,704.95,675.05,693.85,656.401,1367.0
1812,2012-07-25,695.4,699.9,683.1,690.1,652.8533,322.0
1811,2012-07-24,690.1,700.0,690.1,699.9,662.1245,1825.0
1810,2012-07-23,730.0,733.95,691.0,695.0,657.489,2383.0
1809,2012-07-20,732.15,745.0,721.1,733.05,693.4852,270.0
1808,2012-07-19,750.0,750.8,735.0,746.05,705.7836,12063.0
1807,2012-07-18,748.0,751.5,745.0,750.2,709.7095,6412.0
1806,2012-07-17,751.0,755.0,747.0,750.2,705.9254,29497.0
1805,2012-07-16,735.5,759.0,734.0,750.15,705.8784,26406.0
1804,2012-07-13,734.15,757.95,720.05,744.35,700.4207,29055.0
1803,2012-07-12,671.05,747.0,671.05,736.2,692.7517,77712.0
1802,2012-07-11,634.95,690.0,634.95,681.8,641.5622,40030.0
1801,2012-07-10,630.15,644.0,630.15,634.2,596.7714,3209.0
1800,2012-07-09,634.7,644.95,620.1,636.95,599.3591,8220.0
1799,2012-07-06,635.0,650.0,620.0,628.9,591.7842,2701.0
1798,2012-07-05,630.35,635.0,630.0,630.2,593.0074,1910.0
1797,2012-07-04,630.1,634.0,630.05,633.6,596.2068,1736.0
1796,2012-07-03,623.1,636.0,623.1,630.2,593.0074,2496.0
1795,2012-07-02,638.95,638.95,622.0,630.0,592.8194,11007.0
1794,2012-06-29,625.1,639.0,621.0,630.05,592.8663,2867.0
1793,2012-06-28,628.0,632.95,620.0,627.0,589.9964,1642.0
1792,2012-06-27,628.0,630.0,620.0,620.0,583.4095,1211.0
1791,2012-06-26,629.95,629.95,620.0,620.0,583.4095,1126.0
1790,2012-06-25,625.0,625.0,620.0,620.0,583.4095,1011.0
1789,2012-06-22,602.0,628.0,592.9,620.0,583.4095,5479.0
1788,2012-06-21,614.9,616.0,610.05,612.0,575.8817,2760.0
1787,2012-06-20,608.0,615.0,607.85,614.85,578.5634,11223.0
1786,2012-06-19,596.3,609.95,596.3,607.3,571.4589,2483.0
1785,2012-06-18,594.05,605.0,594.05,600.5,565.0602,422.0
1784,2012-06-15,607.0,615.0,600.1,610.25,574.2349,1801.0
1783,2012-06-14,590.0,613.9,580.6,604.75,569.0595,1722.0
1782,2012-06-13,602.0,605.0,600.0,600.2,564.778,2394.0
1781,2012-06-12,600.0,605.0,600.0,604.95,569.2477,1969.0
1780,2012-06-11,609.0,609.95,598.9,608.2,572.3059,1025.0
1779,2012-06-08,599.0,608.0,599.0,600.1,564.6838,2859.0
1778,2012-06-07,610.0,610.0,584.55,590.1,555.2742,2570.0
1777,2012-06-06,600.0,609.0,590.1,596.9,561.6729,3853.0
1776,2012-06-05,639.85,639.9,600.3,600.35,564.9191,432.0
1775,2012-06-04,620.0,620.0,600.0,603.9,568.2597,1929.0
1774,2012-06-01,573.3,608.0,573.3,600.05,564.6368,674.0
1773,2012-05-31,605.0,609.95,599.85,607.75,571.8824,6358.0
1772,2012-05-30,605.0,614.95,600.05,601.05,565.5779,1439.0
1771,2012-05-29,615.0,615.0,600.55,607.3,571.4589,25.0
1770,2012-05-28,623.0,623.0,602.15,615.0,578.7045,419.0
1769,2012-05-25,620.0,620.0,610.0,613.45,577.2459,2676.0
1768,2012-05-24,620.0,620.0,615.0,616.0,579.6457,587.0
1767,2012-05-23,615.0,630.0,615.0,618.45,581.9509,840.0
1766,2012-05-22,629.0,629.0,600.05,611.2,575.1289,85.0
1765,2012-05-21,621.6,625.0,615.0,617.95,581.4805,972.0
1764,2012-05-18,615.0,624.95,615.0,620.3,583.6917,1139.0
1763,2012-05-17,622.0,640.0,615.1,615.2,578.8928,2368.0
1762,2012-05-16,625.0,625.0,615.0,622.15,585.4325,53.0
1761,2012-05-15,620.0,628.95,601.05,611.6,575.5051,657.0
1760,2012-05-14,630.0,630.05,612.35,620.5,583.8799,2053.0
1759,2012-05-11,630.05,650.0,623.25,634.85,597.383,1064.0
1758,2012-05-10,622.3,649.0,622.3,639.5,601.7586,614.0
1757,2012-05-09,650.0,650.05,625.05,627.05,590.0433,993.0
1756,2012-05-08,650.0,655.0,650.0,650.05,611.6859,2411.0
1755,2012-05-07,630.0,655.0,630.0,650.0,611.639,1329.0
1754,2012-05-04,645.05,654.9,645.05,650.0,611.639,3611.0
1753,2012-05-03,645.05,650.0,645.05,650.0,611.639,1371.0
1752,2012-05-02,640.0,648.5,537.55,645.0,606.9341,9529.0
1751,2012-04-30,639.0,639.0,625.0,630.0,592.8194,1007.0
1750,2012-04-27,620.0,644.95,620.0,636.5,598.9356,1360.0
1749,2012-04-26,630.6,640.0,611.0,619.4,582.8449,878.0
1748,2012-04-25,640.05,648.85,640.0,640.05,602.2761,635.0
1747,2012-04-24,630.0,644.7,630.0,640.0,602.2292,1728.0
1746,2012-04-23,636.0,651.0,635.0,636.6,599.0298,638.0
1745,2012-04-20,650.0,655.0,649.9,655.0,616.3439,140.0
1744,2012-04-19,650.05,658.95,650.0,650.0,611.639,461.0
1743,2012-04-18,655.0,655.0,650.0,650.0,611.639,3040.0
1742,2012-04-17,650.05,657.8,650.0,652.5,613.9913,2388.0
1741,2012-04-16,640.5,651.0,640.0,649.75,611.4037,6489.0
1740,2012-04-13,645.0,649.75,640.0,640.8,602.9819,2170.0
1739,2012-04-12,648.95,650.0,635.0,643.3,605.3345,2234.0
1738,2012-04-11,615.3,642.9,615.3,639.1,601.3823,9697.0
1737,2012-04-10,634.9,634.9,620.0,630.05,592.8663,2823.0
1736,2012-04-09,635.0,639.0,620.05,630.2,593.0074,741.0
1735,2012-04-04,644.75,644.75,625.0,635.0,597.5241,3614.0
1734,2012-04-03,648.9,648.9,624.0,625.0,588.1144,1574.0
1733,2012-04-02,638.9,648.95,625.05,626.6,589.6199,1653.0
1732,2012-03-30,620.0,650.0,618.0,637.75,600.1118,10503.0
1731,2012-03-29,602.0,629.85,594.9,620.0,583.4095,2878.0
1730,2012-03-28,614.0,620.0,612.0,619.65,583.08,2465.0
1729,2012-03-27,615.0,619.9,612.55,615.05,578.7516,8628.0
1728,2012-03-26,616.3,620.0,610.5,616.0,579.6457,8346.0
1727,2012-03-23,618.95,625.0,613.05,620.0,583.4095,7145.0
1726,2012-03-22,613.0,619.0,611.0,614.55,578.2811,10138.0
1725,2012-03-21,632.0,632.0,611.55,614.9,578.6104,3539.0
1724,2012-03-20,725.0,725.0,610.0,614.4,578.14,3266.0
1723,2012-03-19,605.1,623.75,605.1,610.8,574.7524,3222.0
1722,2012-03-16,603.15,618.8,603.15,616.05,579.6926,3075.0
1721,2012-03-15,605.0,618.9,604.0,612.45,576.3051,5615.0
1720,2012-03-14,600.0,609.85,596.0,606.35,570.565,12090.0
1719,2012-03-13,595.0,610.0,590.0,595.4,560.2612,6396.0
1718,2012-03-12,594.95,596.8,583.25,594.9,559.7909,5001.0
1717,2012-03-09,599.0,599.0,584.0,586.4,551.7924,5320.0
1716,2012-03-07,580.0,592.0,575.05,585.85,551.2749,6800.0
1715,2012-03-06,575.05,577.0,575.0,575.0,541.0652,6590.0
1714,2012-03-05,575.0,578.9,575.0,575.0,541.0652,9721.0
1713,2012-03-03,0.0,0.0,0.0,0.0,0.0,0.0
1712,2012-03-02,590.0,590.0,570.0,579.75,545.5348,3453.0
1711,2012-03-01,580.05,591.0,579.0,581.1,546.8053,4659.0
1710,2012-02-29,575.0,590.0,575.0,587.65,552.9687,15230.0
1709,2012-02-28,573.15,577.0,570.0,573.95,540.0771,10973.0
1708,2012-02-27,565.0,574.45,562.05,570.0,536.3604,17811.0
1707,2012-02-24,571.0,578.0,568.15,569.55,535.937,7631.0
1706,2012-02-23,550.05,572.0,550.05,569.7,536.0781,4444.0
1705,2012-02-22,570.0,570.0,551.1,558.6,525.6331,2690.0
1704,2012-02-21,585.0,609.0,515.6,573.05,539.2303,3842.0
1703,2012-02-17,574.5,575.0,560.1,563.25,530.0087,2548.0
1702,2012-02-16,570.0,575.0,562.2,570.0,536.3604,1906.0
1701,2012-02-15,575.0,577.0,570.0,571.7,537.96,11178.0
1700,2012-02-14,570.0,572.5,570.0,571.2,537.4894,6596.0
1699,2012-02-13,570.0,575.0,570.0,571.0,537.3013,3343.0
1698,2012-02-10,561.0,571.9,561.0,570.4,536.7368,7489.0
1697,2012-02-09,563.0,566.5,555.15,564.8,531.4672,2308.0
1696,2012-02-08,559.0,562.0,555.05,560.0,526.9504,3140.0
1695,2012-02-07,560.0,562.8,555.05,561.55,528.4091,2376.0
1694,2012-02-06,550.0,560.0,540.75,555.05,522.2926,9071.0
1693,2012-02-03,546.0,547.0,540.0,545.25,513.0709,1832.0
1692,2012-02-02,540.0,547.0,540.0,546.5,514.2471,2399.0
1691,2012-02-01,540.0,544.9,536.2,540.0,508.1308,1931.0
1690,2012-01-31,540.0,544.0,537.05,541.05,509.1187,1087.0
1689,2012-01-30,550.0,550.0,530.15,540.3,508.4132,672.0
1688,2012-01-27,549.0,549.0,523.0,539.9,508.0367,2528.0
1687,2012-01-25,584.65,584.65,530.05,534.0,502.4849,6323.0
1686,2012-01-24,530.05,532.85,530.0,530.15,498.8622,2493.0
1685,2012-01-23,530.5,535.0,530.0,530.35,499.0503,1144.0
1684,2012-01-20,535.0,535.0,525.0,532.2,500.7911,3092.0
1683,2012-01-19,522.0,534.0,520.05,530.15,498.8622,4541.0
1682,2012-01-18,510.55,523.0,510.55,520.0,489.3112,3019.0
1681,2012-01-17,515.05,521.0,515.0,520.1,489.4052,1872.0
1680,2012-01-16,520.0,530.0,511.0,515.85,485.4061,501.0
1679,2012-01-13,585.0,585.0,519.55,527.65,496.5097,5045.0
1678,2012-01-12,512.0,522.85,506.05,520.2,489.4994,19934.0
1677,2012-01-11,501.05,518.2,500.0,505.45,475.6199,17842.0
1676,2012-01-10,500.05,502.0,499.8,500.35,470.8209,3914.0
1675,2012-01-09,504.8,504.8,500.0,500.0,470.4915,5015.0
1674,2012-01-07,0.0,0.0,0.0,0.0,0.0,0.0
1673,2012-01-06,497.0,504.8,485.0,501.6,471.9971,12895.0
1672,2012-01-05,485.0,496.9,485.0,495.1,465.8807,1564.0
1671,2012-01-04,488.0,491.0,477.1,487.7,458.9174,4531.0
1670,2012-01-03,494.0,494.0,480.1,486.75,458.0234,428.0
1669,2012-01-02,480.0,485.0,480.0,482.8,454.3066,3934.0
1668,2011-12-30,480.1,489.0,475.0,483.7,455.1535,1361.0
1667,2011-12-29,479.95,495.0,473.0,485.65,456.9884,1431.0
1666,2011-12-28,479.9,482.0,476.0,480.2,451.86,1420.0
1665,2011-12-27,472.05,481.0,472.05,478.25,450.0251,4820.0
1664,2011-12-26,480.05,498.95,472.05,477.15,448.99,550.0
1663,2011-12-23,480.0,493.0,472.25,488.95,460.0937,2104.0
1662,2011-12-22,474.9,477.0,471.0,475.15,447.1081,4488.0
1661,2011-12-21,472.0,479.9,470.3,472.45,444.5674,4393.0
1660,2011-12-20,470.0,477.9,470.0,473.25,445.3202,8964.0
1659,2011-12-19,479.0,480.0,461.0,471.15,443.3441,6719.0
1658,2011-12-16,506.0,506.0,465.55,474.3,446.3082,611.0
1657,2011-12-15,510.0,510.0,482.0,483.25,454.73,1063.0
1656,2011-12-14,490.0,498.75,478.15,485.0,456.3768,1185.0
1655,2011-12-13,475.05,509.9,475.05,485.15,456.5179,2507.0
1654,2011-12-12,500.0,502.0,492.6,500.0,470.4915,2064.0
1653,2011-12-09,506.0,506.0,494.0,500.0,470.4915,2794.0
1652,2011-12-08,505.0,505.5,505.0,505.0,475.1964,3584.0
1651,2011-12-07,510.0,510.0,505.0,505.0,475.1964,3817.0
1650,2011-12-05,509.95,509.95,505.0,505.0,475.1964,3601.0
1649,2011-12-02,510.0,510.0,504.0,505.0,475.1964,2256.0
1648,2011-12-01,505.0,514.9,500.0,505.0,475.1964,2158.0
1647,2011-11-30,505.0,509.4,505.0,505.0,475.1964,828.0
1646,2011-11-29,500.0,509.9,500.0,505.05,475.2435,961.0
1645,2011-11-28,504.0,510.0,500.0,505.9,476.0433,6892.0
1644,2011-11-25,486.2,508.95,486.2,490.35,461.411,353.0
1643,2011-11-24,500.0,500.0,486.05,496.5,467.1981,2315.0
1642,2011-11-23,493.45,513.65,493.1,494.55,465.3631,395.0
1641,2011-11-22,500.0,515.0,500.0,510.25,480.1365,2206.0
1640,2011-11-21,492.05,510.0,492.05,499.75,470.2563,3162.0
1639,2011-11-18,502.0,520.0,490.0,501.05,471.4796,5304.0
1638,2011-11-17,518.0,523.0,515.0,515.5,485.0768,3074.0
1637,2011-11-16,512.5,517.1,509.9,515.0,484.6063,5672.0
1636,2011-11-15,519.0,520.0,519.0,520.0,489.3112,1840.0
1635,2011-11-14,525.0,525.0,510.0,515.8,485.359,4415.0
1634,2011-11-11,520.0,523.0,503.0,521.25,490.4873,3973.0
1633,2011-11-09,539.9,539.9,520.6,522.9,489.6876,690.0
1632,2011-11-08,535.0,570.0,535.0,541.45,507.0594,8907.0
1631,2011-11-04,525.0,533.8,525.0,530.0,496.3366,4145.0
1630,2011-11-03,520.0,527.0,520.0,525.1,491.7478,2191.0
1629,2011-11-02,523.0,525.0,516.0,518.05,485.1457,758.0
1628,2011-11-01,540.0,540.0,523.0,523.2,489.9684,2864.0
1627,2011-10-31,528.9,528.9,520.0,525.35,491.9819,1334.0
1626,2011-10-28,528.0,528.0,509.95,520.0,486.9717,2474.0
1625,2011-10-25,521.0,521.0,507.0,509.85,477.4665,558.0
1624,2011-10-24,524.9,524.9,515.0,515.0,482.2894,246.0
1623,2011-10-21,523.0,527.9,523.0,523.0,489.7813,1129.0
1622,2011-10-20,522.0,529.0,520.0,527.0,493.5271,632.0
1621,2011-10-19,534.0,534.0,523.0,524.75,491.4201,804.0
1620,2011-10-18,529.9,529.9,521.1,522.05,488.8916,1304.0
1619,2011-10-17,529.9,531.9,523.0,530.05,496.3835,1696.0
1618,2011-10-14,535.85,535.85,525.5,532.3,498.4904,507.0
1617,2011-10-13,523.1,535.0,523.1,530.45,496.7581,3635.0
1616,2011-10-12,540.0,550.0,522.05,530.75,497.039,3630.0
1615,2011-10-11,515.0,525.9,515.0,524.8,491.4669,1596.0
1614,2011-10-10,515.0,522.0,515.0,517.15,484.3028,4165.0
1613,2011-10-07,511.1,529.9,511.0,519.8,486.7844,5481.0
1612,2011-10-05,520.0,520.0,505.15,510.0,477.6069,421.0
1611,2011-10-04,525.0,525.0,515.05,515.05,482.3362,179.0
1610,2011-10-03,525.3,529.95,525.0,526.25,492.8249,3764.0
1609,2011-09-30,530.0,531.0,530.0,530.9,497.1795,2930.0
1608,2011-09-29,526.7,528.0,525.0,525.1,491.7478,709.0
1607,2011-09-28,534.7,534.7,529.0,530.0,496.3366,3477.0
1606,2011-09-27,530.0,532.0,526.0,530.0,496.3366,1915.0
1605,2011-09-26,530.0,530.0,525.0,529.3,495.6811,6677.0
1604,2011-09-23,528.25,532.4,528.1,530.1,496.4302,3485.0
1603,2011-09-22,530.0,539.9,502.0,528.05,494.5105,8456.0
1602,2011-09-21,534.75,538.95,534.75,535.75,501.7213,4255.0
1601,2011-09-20,530.5,533.95,530.0,530.65,496.9454,290.0
1600,2011-09-19,530.0,534.5,530.0,534.5,500.5508,618.0
1599,2011-09-16,530.05,533.95,530.0,530.05,496.3835,603.0
1598,2011-09-15,531.0,535.0,525.0,530.25,496.5707,1265.0
1597,2011-09-14,535.0,535.0,530.0,531.0,497.273,3081.0
1596,2011-09-13,549.0,565.0,524.0,528.2,494.6509,1923.0
1595,2011-09-12,545.0,545.0,533.0,534.9,500.9254,1316.0
1594,2011-09-09,544.95,544.95,538.0,540.3,505.9824,1121.0
1593,2011-09-08,540.0,545.0,533.2,535.2,501.2063,877.0
1592,2011-09-07,540.0,550.0,537.0,544.85,510.2434,14897.0
1591,2011-09-06,538.0,543.9,537.05,542.3,507.8553,1637.0
1590,2011-09-05,542.0,542.0,536.55,538.55,504.3436,2168.0
1589,2011-09-02,574.0,574.0,540.0,542.05,507.6212,2393.0
1588,2011-08-30,535.0,544.0,535.0,538.75,504.5309,1215.0
1587,2011-08-29,535.0,539.0,535.0,536.0,501.9555,607.0
1586,2011-08-26,539.0,539.0,530.0,530.0,496.3366,4873.0
1585,2011-08-25,535.0,538.5,535.0,535.0,501.019,1224.0
1584,2011-08-24,567.0,567.0,530.0,531.35,497.6009,1032.0
1583,2011-08-23,555.0,567.0,536.0,536.75,502.658,205.0
1582,2011-08-22,533.0,540.1,530.0,536.25,502.1895,3890.0
1581,2011-08-19,535.2,542.0,531.05,540.0,505.7015,4307.0
1580,2011-08-18,537.0,548.75,519.95,541.55,507.1531,4262.0
1579,2011-08-17,550.0,550.0,536.4,544.6,510.0092,2375.0
1578,2011-08-16,624.65,624.65,550.2,551.8,516.752,2291.0
1577,2011-08-12,573.0,575.0,565.25,569.95,533.7491,3166.0
1576,2011-08-11,557.2,575.8,557.0,571.2,534.9198,11318.0
1575,2011-08-10,558.6,565.0,551.0,553.35,518.2036,3202.0
1574,2011-08-09,548.0,548.95,540.0,540.2,505.8889,2439.0
1573,2011-08-08,550.0,559.95,549.0,549.8,514.879,4417.0
1572,2011-08-05,550.0,559.45,550.0,554.75,519.5147,8700.0
1571,2011-08-04,560.0,565.0,557.0,561.75,526.07,4498.0
1570,2011-08-03,559.0,560.0,553.0,556.15,520.8258,9452.0
1569,2011-08-02,555.0,563.5,555.0,560.0,524.431,4932.0
1568,2011-08-01,564.9,564.9,550.0,550.6,515.6282,2603.0
1567,2011-07-29,565.0,565.0,556.25,560.25,524.6653,2603.0
1566,2011-07-28,555.55,559.0,555.0,556.95,521.575,4656.0
1565,2011-07-27,555.05,559.95,555.0,555.0,519.7488,509.0
1564,2011-07-26,560.0,560.05,555.0,555.05,519.7956,2194.0
1563,2011-07-25,558.0,560.0,553.05,556.3,520.9662,5183.0
1562,2011-07-22,550.55,554.75,550.0,550.0,515.0665,424.0
1561,2011-07-21,550.0,555.0,550.0,550.0,515.0665,3066.0
1560,2011-07-20,550.0,553.75,550.0,550.6,515.6282,5387.0
1559,2011-07-19,540.1,550.0,540.1,549.2,514.3171,3211.0
1558,2011-07-18,540.05,546.0,540.0,540.7,503.0793,4283.0
1557,2011-07-15,542.05,545.95,540.0,541.95,504.2424,4088.0
1556,2011-07-14,545.05,549.45,545.0,545.9,507.9174,987.0
1555,2011-07-13,533.05,553.8,533.05,545.55,507.5918,852.0
1554,2011-07-12,553.75,553.75,545.0,545.0,507.08,1301.0
1553,2011-07-11,558.95,558.95,548.0,550.0,511.7323,420.0
1552,2011-07-08,555.95,556.0,548.3,550.0,511.7323,1388.0
1551,2011-07-07,560.0,560.0,546.65,549.25,511.0344,2426.0
1550,2011-07-06,556.9,560.0,550.0,558.0,519.1755,3300.0
1549,2011-07-05,550.1,552.0,549.95,550.0,511.7323,662.0
1548,2011-07-04,665.0,665.0,550.0,551.75,513.3605,3853.0
1547,2011-07-01,545.0,560.0,540.45,557.25,518.4777,24215.0
1546,2011-06-30,540.0,548.9,536.15,540.05,502.4746,3119.0
1545,2011-06-29,559.0,559.0,540.0,540.45,502.8468,1387.0
1544,2011-06-28,547.05,548.5,536.1,545.0,507.08,11582.0
1543,2011-06-27,549.95,550.0,544.15,546.65,508.6154,2402.0
1542,2011-06-24,541.05,550.0,540.0,544.35,506.4753,2720.0
1541,2011-06-23,545.0,550.0,542.0,543.8,505.9637,607.0
1540,2011-06-22,558.0,558.0,542.0,548.8,510.6159,2443.0
1539,2011-06-21,558.0,560.05,556.0,556.0,517.3148,979.0
1538,2011-06-20,550.0,560.05,550.0,558.0,519.1755,4035.0
1537,2011-06-17,559.95,565.15,558.0,562.8,523.6416,6044.0
1536,2011-06-16,559.95,560.5,540.0,546.2,508.1965,7332.0
1535,2011-06-15,560.05,564.7,559.95,560.0,521.0365,4956.0
1534,2011-06-14,564.7,564.7,560.0,560.0,521.0365,3973.0
1533,2011-06-13,550.55,562.9,550.55,561.95,522.8508,1767.0
1532,2011-06-10,556.9,565.0,556.9,564.9,525.5956,2342.0
1531,2011-06-09,555.5,558.85,555.0,555.0,516.3845,4028.0
1530,2011-06-08,555.0,556.0,555.0,555.0,516.3845,2354.0
1529,2011-06-07,560.0,560.0,554.1,556.0,517.3148,665.0
1528,2011-06-06,599.0,599.0,549.9,553.3,514.8026,563.0
1527,2011-06-03,564.7,564.7,554.2,555.35,516.71,1498.0
1526,2011-06-02,559.95,564.95,550.0,551.3,512.9418,4484.0
1525,2011-06-01,553.0,560.0,553.0,555.0,516.3845,2363.0
1524,2011-05-31,564.95,564.95,550.0,555.2,516.5704,253.0
1523,2011-05-30,557.05,559.0,555.0,555.0,516.3845,1864.0
1522,2011-05-27,513.3,563.0,513.3,556.9,518.1522,10704.0
1521,2011-05-26,551.0,561.95,551.0,555.0,516.3845,5117.0
1520,2011-05-25,551.05,564.95,551.05,553.2,514.7097,1412.0
1519,2011-05-24,552.95,556.0,540.0,555.0,516.3845,494.0
1518,2011-05-23,599.0,599.0,524.9,556.0,517.3148,1609.0
1517,2011-05-20,551.15,581.75,551.15,555.55,516.8962,1081.0
1516,2011-05-19,569.35,575.0,566.5,566.7,527.2703,1489.0
1515,2011-05-18,584.9,584.9,560.0,566.75,527.3168,3739.0
1514,2011-05-17,609.0,609.0,566.0,566.1,526.712,383.0
1513,2011-05-16,567.1,570.0,560.0,566.6,527.1771,3143.0
1512,2011-05-13,566.0,574.8,566.0,569.95,530.2941,2337.0
1511,2011-05-12,566.0,572.0,566.0,566.4,526.9913,2979.0
1510,2011-05-11,566.75,574.9,566.1,567.1,527.6426,230.0
1509,2011-05-10,566.1,576.0,566.0,569.1,529.5033,1072.0
1508,2011-05-09,565.0,588.95,555.55,570.5,530.806,144.0
1507,2011-05-06,541.15,579.95,541.15,575.7,535.644,1600.0
1506,2011-05-05,589.95,589.95,551.0,560.4,521.4088,4911.0
1505,2011-05-04,601.4,609.0,585.05,590.6,549.5074,4685.0
1504,2011-05-03,602.0,615.0,601.95,611.1,568.5809,7132.0
1503,2011-05-02,615.0,616.85,606.0,610.0,567.5576,9245.0
1502,2011-04-29,591.1,620.35,591.1,617.2,574.2568,5850.0
1501,2011-04-28,609.0,618.5,602.2,609.4,566.9993,1657.0
1500,2011-04-27,594.0,613.0,594.0,610.6,568.1158,15843.0
1499,2011-04-26,587.0,596.0,582.1,594.3,552.95,2262.0
1498,2011-04-25,585.8,600.0,580.0,595.55,554.113,7986.0
1497,2011-04-21,586.1,597.5,581.2,594.75,553.3687,2910.0
1496,2011-04-20,585.0,590.1,580.0,589.65,548.6237,1487.0
1495,2011-04-19,585.6,594.9,580.15,584.15,543.5062,1265.0
1494,2011-04-18,590.0,595.0,582.2,592.95,551.6938,1655.0
1493,2011-04-15,598.1,598.1,583.25,584.85,544.1574,202.0
1492,2011-04-13,585.0,600.05,585.0,597.75,556.1599,3700.0
1491,2011-04-11,591.5,600.0,582.1,594.35,552.9965,2449.0
1490,2011-04-08,558.05,585.0,556.05,578.5,538.2494,3517.0
1489,2011-04-07,550.0,573.95,550.0,564.85,525.5489,6531.0
1488,2011-04-06,533.8,549.0,533.55,545.95,507.9641,2072.0
1487,2011-04-05,530.0,530.0,525.0,526.0,489.4021,795.0
1486,2011-04-04,530.0,544.95,523.0,526.8,490.1464,6948.0
1485,2011-04-01,503.0,531.0,503.0,529.6,492.7516,3630.0
1484,2011-03-31,500.0,510.0,500.0,503.0,468.0023,1776.0
1483,2011-03-30,504.0,505.0,501.05,501.05,466.188,448.0
1482,2011-03-29,503.0,505.0,500.0,500.3,465.4902,938.0
1481,2011-03-28,500.05,505.0,500.0,503.0,468.0023,337.0
1480,2011-03-25,500.0,503.85,495.4,500.0,465.2112,913.0
1479,2011-03-24,507.0,510.0,500.1,501.4,466.5137,843.0
1478,2011-03-23,500.0,509.85,500.0,502.0,467.072,2643.0
1477,2011-03-22,500.05,511.05,500.05,500.65,465.8159,3866.0
1476,2011-03-21,500.25,501.05,495.0,500.15,465.3507,4139.0
1475,2011-03-18,501.15,504.6,500.0,501.3,466.4207,1023.0
1474,2011-03-17,500.05,514.5,500.0,510.0,474.5153,1700.0
1473,2011-03-16,500.05,504.95,500.0,500.0,465.2112,2502.0
1472,2011-03-15,500.0,508.0,500.0,500.0,465.2112,3580.0
1471,2011-03-14,500.0,519.8,500.0,502.1,467.165,934.0
1470,2011-03-11,500.05,505.0,500.0,501.05,466.188,442.0
1469,2011-03-10,501.0,518.0,500.0,500.05,465.2576,913.0
1468,2011-03-09,510.0,510.05,505.55,510.0,474.5153,748.0
1467,2011-03-08,510.0,510.0,507.0,507.0,471.7241,242.0
1466,2011-03-07,505.1,510.0,505.1,509.4,473.9571,111.0
1465,2011-03-04,511.0,519.95,506.25,512.55,476.8879,934.0
1464,2011-03-03,505.45,521.0,505.45,521.0,484.75,111.0
1463,2011-03-01,515.0,515.0,500.0,507.9,472.5615,967.0
1462,2011-02-28,499.0,509.75,499.0,502.55,467.5836,331.0
1461,2011-02-25,500.0,500.0,495.05,499.9,465.118,56.0
1460,2011-02-24,519.0,524.95,500.0,500.2,465.3972,640.0
1459,2011-02-23,514.0,514.0,506.1,508.85,473.4453,594.0
1458,2011-02-22,511.1,515.0,511.0,511.9,476.2831,5220.0
1457,2011-02-21,510.35,515.0,510.0,510.4,474.8876,5665.0
1456,2011-02-18,514.0,523.0,514.0,515.3,479.4465,4195.0
1455,2011-02-17,571.95,571.95,512.35,516.95,480.9818,1691.0
1454,2011-02-16,523.0,523.0,514.65,514.65,478.8418,13.0
1453,2011-02-15,529.0,529.0,507.0,511.7,476.097,2591.0
1452,2011-02-14,535.0,546.9,525.0,525.4,488.8439,1664.0
1451,2011-02-11,515.0,530.0,505.6,523.4,486.983,3067.0
1450,2011-02-10,588.0,588.0,505.0,513.7,477.9579,4747.0
1449,2011-02-09,505.0,511.9,486.1,499.85,465.0716,3599.0
1448,2011-02-08,510.0,510.0,504.0,504.45,469.3515,3316.0
1447,2011-02-07,505.05,513.85,505.0,505.05,469.9097,353.0
1446,2011-02-04,514.0,514.0,490.0,505.1,469.9563,2611.0
1445,2011-02-03,512.0,514.0,505.0,511.3,475.7249,560.0
1444,2011-02-02,522.65,539.95,503.0,506.8,471.538,1551.0
1443,2011-02-01,600.0,600.0,520.9,521.3,485.0291,2392.0
1442,2011-01-31,521.0,540.0,520.0,537.95,500.5207,1884.0
1441,2011-01-28,620.0,620.0,520.0,530.4,493.496,1847.0
1440,2011-01-27,535.0,535.0,530.0,530.2,493.3098,1444.0
1439,2011-01-25,533.0,540.0,530.0,530.0,493.1238,3144.0
1438,2011-01-24,535.0,548.0,531.0,537.85,500.4276,2006.0
1437,2011-01-21,530.0,554.0,530.0,552.85,514.3839,2428.0
1436,2011-01-20,530.0,532.0,530.0,532.0,494.9846,808.0
1435,2011-01-19,535.75,555.0,520.3,530.0,493.1238,1324.0
1434,2011-01-18,535.0,542.0,530.0,541.0,503.3584,2762.0
1433,2011-01-17,526.0,540.0,520.9,530.0,493.1238,2855.0
1432,2011-01-14,539.0,540.0,530.0,530.0,493.1238,1235.0
1431,2011-01-13,545.0,545.0,530.0,530.1,493.2168,1754.0
1430,2011-01-12,526.1,540.0,520.4,539.7,502.1489,2670.0
1429,2011-01-11,535.05,550.0,534.1,542.95,505.1728,2093.0
1428,2011-01-10,556.55,560.1,516.0,543.95,506.1033,4844.0
1427,2011-01-07,583.6,583.6,560.0,567.95,528.4334,374.0
1426,2011-01-06,609.95,609.95,576.25,578.4,538.1564,662.0
1425,2011-01-05,600.2,600.2,590.0,592.05,550.8564,488.0
1424,2011-01-04,596.05,603.85,595.0,600.2,558.4395,339.0
1423,2011-01-03,608.95,616.0,600.05,603.85,561.8355,2198.0
1422,2010-12-31,600.05,617.0,600.05,607.5,565.2316,1926.0
1421,2010-12-30,609.0,609.9,598.0,602.9,560.9515,595.0
1420,2010-12-29,599.9,614.0,599.9,605.6,563.4637,1506.0
1419,2010-12-28,599.9,605.0,593.0,601.45,559.6025,1020.0
1418,2010-12-27,611.35,611.35,593.0,601.05,559.2304,945.0
1417,2010-12-24,615.0,624.05,610.2,615.15,572.3493,1290.0
1416,2010-12-23,610.15,634.0,610.15,614.95,572.1631,432.0
1415,2010-12-22,634.0,634.0,610.55,615.55,572.7215,772.0
1414,2010-12-21,625.0,630.0,618.0,621.35,578.1178,322.0
1413,2010-12-20,640.0,640.0,615.0,627.25,583.6075,3711.0
1412,2010-12-16,651.0,651.0,639.85,642.8,598.0754,479.0
1411,2010-12-15,650.0,651.0,645.0,651.0,605.7048,792.0
1410,2010-12-14,620.0,647.9,620.0,643.5,598.7267,2678.0
1409,2010-12-13,680.0,680.0,625.5,632.9,588.8643,2165.0
1408,2010-12-10,650.95,669.0,631.5,637.05,592.7254,1978.0
1407,2010-12-09,622.0,680.0,622.0,660.5,614.5439,1581.0
1406,2010-12-08,673.05,682.5,668.9,676.35,629.291,8376.0
1405,2010-12-07,680.0,685.0,675.0,679.0,631.7567,2631.0
1404,2010-12-06,675.15,681.5,675.0,680.05,632.7336,1262.0
1403,2010-12-03,684.95,684.95,675.0,676.55,629.4772,890.0
1402,2010-12-02,680.0,686.0,675.0,678.55,631.3381,788.0
1401,2010-12-01,684.0,700.0,675.15,680.1,632.7802,71105.0
1400,2010-11-30,685.0,685.0,674.0,682.75,635.2457,1481.0
1399,2010-11-29,660.0,683.0,660.0,677.1,629.9888,1755.0
1398,2010-11-26,696.6,696.6,658.0,675.4,628.4072,1510.0
1397,2010-11-25,675.05,696.7,672.1,689.45,641.4797,3999.0
1396,2010-11-24,689.0,692.9,689.0,690.0,641.9912,1547.0
1395,2010-11-23,672.45,700.0,672.05,697.6,649.0627,3197.0
1394,2010-11-22,680.0,694.95,676.0,690.6,642.5496,2462.0
1393,2010-11-19,680.15,688.95,670.55,672.45,625.6625,2502.0
1392,2010-11-18,690.0,695.95,684.05,689.7,641.7122,3052.0
1391,2010-11-16,700.0,705.0,690.0,693.55,645.2944,1957.0
1390,2010-11-15,700.0,701.0,680.0,699.3,650.6442,6558.0
1389,2010-11-12,667.1,710.0,662.2,701.85,653.0169,7363.0
1388,2010-11-11,661.0,678.8,660.0,675.35,628.3607,3406.0
1387,2010-11-10,671.5,683.8,660.0,663.05,616.9164,2235.0
1386,2010-11-09,684.0,684.0,665.0,671.5,624.7784,626.0
1385,2010-11-08,670.0,685.0,646.0,676.0,626.6394,409.0
1384,2010-11-04,680.05,695.0,672.55,689.25,638.9219,1430.0
1383,2010-11-03,690.0,690.0,672.0,688.1,637.8558,1348.0
1382,2010-11-02,700.0,700.0,666.05,682.2,632.3866,2118.0
1381,2010-11-01,700.0,700.0,678.0,682.85,632.9893,3524.0
1380,2010-10-29,680.0,715.1,641.5,695.0,644.252,11726.0
1379,2010-10-28,699.95,699.95,670.0,675.1,625.8051,1253.0
1378,2010-10-27,685.0,689.95,671.0,679.95,630.3011,1810.0
1377,2010-10-26,680.25,689.95,675.0,675.85,626.5002,1071.0
1376,2010-10-25,701.0,717.0,681.05,686.95,636.7899,2109.0
1375,2010-10-22,661.0,702.5,660.0,693.9,643.2324,2051.0
1374,2010-10-21,684.0,684.0,655.0,666.6,617.9259,825.0
1373,2010-10-20,675.0,679.5,660.0,669.35,620.475,999.0
1372,2010-10-19,678.0,690.0,660.0,676.35,626.9637,2776.0
1371,2010-10-18,701.0,701.0,677.05,677.75,628.2615,2697.0
1370,2010-10-15,712.0,714.0,675.95,701.15,649.9531,4488.0
1369,2010-10-14,702.2,723.0,689.9,710.5,658.6203,3509.0
1368,2010-10-13,700.0,715.0,697.0,710.7,658.8056,2581.0
1367,2010-10-12,700.2,714.5,687.0,705.9,654.3562,1167.0
1366,2010-10-11,700.0,719.0,680.25,712.45,660.4279,2706.0
1365,2010-10-08,676.0,720.0,670.0,700.25,649.1188,9112.0
1364,2010-10-07,734.8,734.8,655.0,670.0,621.0774,6405.0
1363,2010-10-06,621.0,653.5,621.0,643.45,596.4662,361.0
1362,2010-10-05,625.0,670.0,625.0,653.5,605.7824,6345.0
1361,2010-10-04,675.9,675.9,627.0,628.85,582.9323,1785.0
1360,2010-10-01,670.0,670.0,628.0,638.6,591.9703,1413.0
1359,2010-09-30,627.95,680.0,595.2,651.65,604.0673,12323.0
1358,2010-09-29,644.7,649.8,605.0,610.6,566.0148,2998.0
1357,2010-09-28,578.0,654.0,575.0,634.45,588.1234,15669.0
1356,2010-09-27,586.9,586.9,579.0,579.5,537.1856,1430.0
1355,2010-09-24,583.05,592.6,583.0,585.0,542.2841,3080.0
1354,2010-09-23,585.95,585.95,577.0,578.3,536.0732,2825.0
1353,2010-09-22,590.0,595.0,585.0,586.9,544.0454,3154.0
1352,2010-09-21,620.0,620.0,587.1,590.15,547.058,1840.0
1351,2010-09-20,599.75,605.0,586.0,593.9,550.5343,1744.0
1350,2010-09-17,577.05,610.1,577.05,601.0,557.1157,4320.0
1349,2010-09-16,599.0,599.0,575.0,581.85,539.3642,1880.0
1348,2010-09-15,577.05,600.0,577.05,592.65,549.3754,3816.0
1347,2010-09-14,577.0,589.8,575.0,586.45,543.6281,1807.0
1346,2010-09-13,582.1,592.0,571.4,585.0,542.2841,2700.0
1345,2010-09-09,597.0,599.7,580.25,583.95,541.3108,686.0
1344,2010-09-08,592.9,600.0,580.0,591.0,547.846,746.0
1343,2010-09-07,599.0,599.0,580.05,592.75,549.4681,962.0
1342,2010-09-06,540.5,593.0,540.5,589.2,546.1773,3781.0
1341,2010-09-03,570.05,575.9,570.0,574.0,532.0872,706.0
1340,2010-09-02,578.0,578.0,565.1,569.25,527.6843,200.0
1339,2010-09-01,589.95,589.95,577.0,578.0,535.7952,1227.0
1338,2010-08-31,565.55,585.0,565.55,577.8,535.6097,1237.0
1337,2010-08-30,571.1,595.0,571.1,579.75,537.4175,1245.0
1336,2010-08-27,597.0,597.0,587.0,589.3,546.2702,1156.0
1335,2010-08-26,590.0,590.0,587.0,587.6,544.6943,1409.0
1334,2010-08-25,575.0,610.0,569.0,593.55,550.2097,3220.0
1333,2010-08-24,679.95,679.95,580.0,591.25,548.0778,9356.0
1332,2010-08-23,580.0,580.0,560.0,569.5,527.9158,503.0
1331,2010-08-20,571.05,582.3,555.5,580.0,537.6493,332.0
1330,2010-08-19,599.95,600.0,576.0,579.7,537.3712,492.0
1329,2010-08-18,550.0,602.0,550.0,597.7,554.0567,1234.0
1328,2010-08-17,581.0,588.95,576.15,587.9,544.9723,93.0
1327,2010-08-16,575.0,590.0,575.0,575.15,533.1533,487.0
1326,2010-08-13,572.5,591.0,572.5,579.75,537.4175,584.0
1325,2010-08-12,590.0,595.0,575.95,576.15,534.0803,1048.0
1324,2010-08-11,591.0,600.0,586.0,589.8,546.7336,376.0
1323,2010-08-10,610.0,610.0,590.0,592.95,549.6536,454.0
1322,2010-08-09,600.0,610.0,590.0,592.1,548.8657,1601.0
1321,2010-08-06,605.0,605.0,590.0,591.75,548.5413,887.0
1320,2010-08-05,615.25,620.0,586.1,598.9,555.169,1577.0
1319,2010-08-04,610.0,650.0,610.0,621.25,575.887,4663.0
1318,2010-08-03,665.0,665.0,552.5,606.45,562.1679,8315.0
1317,2010-08-02,528.0,569.85,506.0,561.0,520.0365,8608.0
1316,2010-07-30,538.0,538.0,507.0,526.55,488.102,1223.0
1315,2010-07-29,539.9,539.9,508.0,515.2,477.5808,226.0
1314,2010-07-28,545.0,545.0,508.0,516.5,478.7858,2480.0
1313,2010-07-27,548.0,548.0,531.0,531.0,492.2271,121.0
1312,2010-07-26,515.2,548.0,515.0,530.0,491.3001,1482.0
1311,2010-07-23,506.1,545.0,505.1,535.25,496.1668,6714.0
1310,2010-07-22,507.0,507.95,501.15,504.25,467.4302,520.0
1309,2010-07-21,507.05,509.85,497.7,498.4,462.0075,175.0
1308,2010-07-20,514.75,514.75,500.0,500.0,460.7097,2220.0
1307,2010-07-19,504.05,509.95,498.05,500.8,461.4468,517.0
1306,2010-07-16,514.0,516.0,501.0,504.3,464.6718,797.0
1305,2010-07-15,515.0,517.0,500.0,505.0,465.3168,2267.0
1304,2010-07-14,510.0,525.0,510.0,511.85,471.6285,2194.0
1303,2010-07-13,500.1,517.0,500.0,514.4,473.9782,2215.0
1302,2010-07-12,480.0,505.0,480.0,503.4,463.8425,3515.0
1301,2010-07-09,469.2,481.0,469.2,480.0,442.2814,1944.0
1300,2010-07-08,467.3,472.95,467.3,468.9,432.0536,268.0
1299,2010-07-07,468.0,472.95,467.9,472.0,434.91,197.0
1298,2010-07-06,463.35,473.0,463.3,471.65,434.5875,3582.0
1297,2010-07-05,469.85,472.9,466.1,468.75,431.9154,1085.0
1296,2010-07-02,471.95,471.95,467.0,470.3,433.3436,3805.0
1295,2010-07-01,462.15,473.0,462.0,470.45,433.4817,2112.0
1294,2010-06-30,469.0,469.0,468.95,468.95,432.0997,11.0
1293,2010-06-29,474.95,474.95,467.5,467.5,430.7636,117.0
1292,2010-06-28,473.9,473.95,466.15,467.05,430.3489,255.0
1291,2010-06-25,470.0,471.95,466.3,471.35,434.3111,534.0
1290,2010-06-24,466.1,471.0,466.1,471.0,433.9886,744.0
1289,2010-06-23,470.0,470.0,466.0,467.0,430.3029,182.0
1288,2010-06-22,469.95,472.5,467.05,468.65,431.8232,1518.0
1287,2010-06-21,463.2,467.0,463.2,464.7,428.1837,345.0
1286,2010-06-18,471.95,472.95,461.0,468.55,431.731,940.0
1285,2010-06-17,464.5,478.95,460.05,465.25,428.6904,3555.0
1284,2010-06-16,464.0,465.0,460.05,460.35,424.1755,460.0
1283,2010-06-15,460.0,463.95,459.5,460.35,424.1755,1859.0
1282,2010-06-14,460.0,461.4,455.0,458.65,422.609,412.0
1281,2010-06-11,426.1,464.7,426.1,460.9,424.6823,838.0
1280,2010-06-10,463.95,463.95,460.55,460.55,424.3597,175.0
1279,2010-06-09,465.0,470.0,460.0,461.7,425.4193,4778.0
1278,2010-06-08,466.1,475.0,463.05,465.55,428.9668,780.0
1277,2010-06-07,467.0,475.0,465.15,475.0,437.6743,145.0
1276,2010-06-04,470.0,480.05,470.0,475.0,437.6743,941.0
1275,2010-06-03,479.0,480.0,467.0,470.05,433.1132,652.0
1274,2010-06-02,467.2,475.1,464.1,474.7,437.3978,762.0
1273,2010-06-01,474.75,477.95,466.05,475.05,437.7203,131.0
1272,2010-05-31,473.9,480.05,462.1,474.95,437.6283,2437.0
1271,2010-05-28,475.0,475.0,460.05,462.0,425.6957,784.0
1270,2010-05-27,474.9,474.9,460.0,466.35,429.7039,858.0
1269,2010-05-26,455.05,464.9,450.35,456.15,420.3055,233.0
1268,2010-05-25,455.05,464.5,453.0,453.0,417.403,789.0
1267,2010-05-24,463.0,465.0,455.0,460.0,423.853,758.0
1266,2010-05-21,468.0,468.0,458.1,459.15,423.0697,1501.0
1265,2010-05-20,459.95,464.95,459.95,464.4,427.9072,178.0
1264,2010-05-19,453.05,460.1,443.0,455.05,419.2919,1569.0
1263,2010-05-18,460.0,460.0,455.0,455.3,419.5222,1799.0
1262,2010-05-17,455.0,463.9,453.9,460.0,423.853,294.0
1261,2010-05-14,499.95,499.95,460.0,460.0,423.853,616.0
1260,2010-05-13,469.5,470.0,456.25,460.0,423.853,371.0
1259,2010-05-12,462.0,487.4,457.0,467.6,430.8557,1653.0
1258,2010-05-11,458.0,460.0,455.0,460.0,423.853,555.0
1257,2010-05-10,465.0,465.0,450.25,459.95,423.8069,510.0
1256,2010-05-07,450.0,460.1,449.9,452.95,417.357,2447.0
1255,2010-05-06,451.5,460.1,451.5,455.6,419.7987,1162.0
1254,2010-05-05,450.0,460.0,450.0,457.1,421.1808,1054.0
1253,2010-05-04,455.0,465.0,455.0,455.1,419.3379,150532.0
1252,2010-05-03,450.0,465.0,450.0,455.1,419.3379,1242.0
1251,2010-04-30,532.0,532.0,450.0,452.35,416.8041,2495.0
1250,2010-04-29,450.15,455.0,450.0,455.0,419.2459,1790.0
1249,2010-04-28,450.1,451.95,445.0,450.1,414.7309,5183.0
1248,2010-04-27,440.0,454.95,440.0,450.0,414.6388,4070.0
1247,2010-04-26,438.05,452.0,438.05,449.7,414.3624,1948.0
1246,2010-04-23,449.9,449.9,436.0,441.05,406.392,848.0
1245,2010-04-22,442.3,444.0,435.0,444.0,409.1102,603.0
1244,2010-04-21,447.0,449.0,447.0,447.0,411.8745,224.0
1243,2010-04-20,445.0,448.0,433.0,440.9,406.2539,389.0
1242,2010-04-19,450.0,450.0,440.0,441.45,406.7607,1824.0
1241,2010-04-16,454.0,459.95,452.05,455.0,419.2459,668.0
1240,2010-04-15,458.1,458.1,440.15,455.6,419.7987,976.0
1239,2010-04-13,470.0,470.0,455.1,456.0,420.1672,440.0
1238,2010-04-12,469.5,469.5,455.0,456.0,420.1672,329.0
1237,2010-04-09,459.9,459.9,455.15,455.15,419.3841,28.0
1236,2010-04-08,455.0,469.95,455.0,460.0,423.853,503.0
1235,2010-04-07,470.0,470.0,450.0,455.0,419.2459,335.0
1234,2010-04-06,456.3,463.0,446.15,451.35,415.8827,1679.0
1233,2010-04-05,456.0,463.0,456.0,459.65,423.5305,312.0
1232,2010-04-01,470.0,470.0,440.0,456.15,420.3055,3442.0
1231,2010-03-31,459.8,465.0,452.0,452.65,417.0804,18159.0
1230,2010-03-30,524.7,524.7,446.0,449.75,414.4084,4344.0
1229,2010-03-29,441.0,444.8,435.0,438.45,403.9964,761.0
1228,2010-03-26,438.0,438.0,430.3,437.75,403.3514,406.0
1227,2010-03-25,445.95,445.95,440.0,442.0,407.2674,214.0
1226,2010-03-23,436.05,445.0,435.0,436.0,401.7389,2834.0
1225,2010-03-22,445.05,445.05,443.5,443.5,408.6495,130.0
1224,2010-03-19,450.0,456.0,450.0,451.85,416.3434,412.0
1223,2010-03-18,465.0,465.0,445.4,453.95,418.2784,300.0
1222,2010-03-17,472.6,472.6,445.25,450.0,414.6388,528.0
1221,2010-03-16,468.0,470.0,468.0,470.0,433.0672,218.0
1220,2010-03-15,480.0,480.0,453.0,460.85,424.6362,784.0
1219,2010-03-12,468.0,480.0,455.0,458.0,422.0101,1076.0
1218,2010-03-11,464.8,468.0,457.0,457.0,421.0887,910.0
1217,2010-03-10,460.0,475.0,451.0,461.9,425.6037,1596.0
1216,2010-03-09,450.0,460.0,450.0,454.35,418.647,1246.0
1215,2010-03-08,450.0,460.0,450.0,451.0,415.5602,155.0
1214,2010-03-05,453.0,460.0,445.0,448.15,412.9341,672.0
1213,2010-03-04,455.0,468.0,445.05,456.65,420.7662,409.0
1212,2010-03-03,450.0,471.0,449.0,465.25,428.6904,683.0
1211,2010-03-02,445.05,450.0,445.0,449.05,413.7634,186.0
1210,2010-02-26,453.9,453.9,437.2,441.1,406.4381,231.0
1209,2010-02-25,451.0,451.0,451.0,451.0,415.5602,171.0
1208,2010-02-24,451.0,451.0,451.0,451.0,415.5602,311.0
1207,2010-02-23,452.0,454.0,436.0,445.15,410.1699,587.0
1206,2010-02-22,455.0,465.0,450.0,450.0,414.6388,310.0
1205,2010-02-19,442.0,453.0,442.0,452.2,416.6659,826.0
1204,2010-02-18,450.0,453.0,450.0,450.0,414.6388,386.0
1203,2010-02-17,430.4,460.0,430.4,454.95,419.1999,26.0
1202,2010-02-16,450.0,450.0,441.1,447.6,412.4273,125.0
1201,2010-02-15,445.0,450.0,445.0,445.1,410.1238,303.0
1200,2010-02-11,459.95,459.95,455.0,455.0,419.2459,41.0
1199,2010-02-10,437.95,455.0,437.95,452.5,416.9423,129.0
1198,2010-02-09,455.0,455.0,442.1,450.0,414.6388,422.0
1197,2010-02-08,450.0,465.0,442.0,446.4,411.3217,69.0
1196,2010-02-06,0.0,0.0,0.0,0.0,0.0,0.0
1195,2010-02-05,465.0,465.0,439.3,449.2,413.9015,263.0
1194,2010-02-04,490.0,490.0,447.8,451.65,416.1591,235.0
1193,2010-02-03,464.45,468.25,453.0,457.8,421.8258,1269.0
1192,2010-02-02,478.0,489.0,445.0,446.55,411.4598,2911.0
1191,2010-02-01,550.0,550.0,450.65,453.05,417.4491,0.0
1190,2010-01-29,434.05,467.0,434.05,459.0,422.9315,1095.0
1189,2010-01-28,465.0,466.0,449.95,460.0,423.853,1625.0
1188,2010-01-27,480.0,480.0,450.0,470.05,433.1132,1166.0
1187,2010-01-25,489.0,490.0,457.55,474.7,437.3978,2467.0
1186,2010-01-22,430.0,468.0,430.0,466.45,429.7961,309.0
1185,2010-01-21,456.1,465.0,444.0,448.1,412.8881,1527.0
1184,2010-01-20,438.1,459.0,437.5,440.0,405.4246,2494.0
1183,2010-01-19,410.0,450.0,408.0,435.35,401.14,4988.0
1182,2010-01-18,397.05,422.8,397.05,408.7,376.5841,3164.0
1181,2010-01-15,404.0,408.75,401.9,402.0,370.4106,902.0
1180,2010-01-14,405.0,410.0,398.05,402.4,370.7792,2165.0
1179,2010-01-13,408.0,408.0,400.0,405.0,373.1749,876.0
1178,2010-01-12,406.0,415.0,404.0,404.65,372.8524,1297.0
1177,2010-01-11,391.25,410.0,383.0,403.0,371.3321,2035.0
1176,2010-01-08,400.0,403.7,398.0,398.2,366.9093,140.0
1175,2010-01-07,400.0,404.0,389.95,402.0,370.4106,5436.0
1174,2010-01-06,436.85,436.85,388.65,400.0,368.5678,2108.0
1173,2010-01-05,393.0,399.9,393.0,396.85,365.6653,1049.0
1172,2010-01-04,390.0,392.0,355.0,388.95,358.3862,953.0
1171,2009-12-31,398.95,398.95,392.75,393.0,362.1177,126.0
1170,2009-12-30,399.8,399.8,392.5,396.4,365.2507,728.0
1169,2009-12-29,395.0,399.5,392.75,394.9,363.8686,555.0
1168,2009-12-24,403.45,403.45,396.5,396.95,365.7575,490.0
1167,2009-12-23,404.0,405.0,394.05,396.1,364.9742,441.0
1166,2009-12-22,400.0,401.5,398.0,400.85,369.351,210.0
1165,2009-12-21,391.05,399.0,391.0,391.85,361.0582,95.0
1164,2009-12-18,399.8,403.75,395.0,400.7,369.2128,1024.0
1163,2009-12-17,400.0,402.0,392.0,393.6,362.6707,202.0
1162,2009-12-16,382.0,403.1,382.0,400.0,368.5678,333.0
1161,2009-12-15,395.1,402.0,395.1,395.1,364.0528,0.0
1160,2009-12-14,400.0,405.0,400.0,405.0,373.1749,209.0
1159,2009-12-11,400.25,407.95,400.25,403.35,371.6545,448.0
1158,2009-12-10,401.0,403.0,391.0,401.4,369.8578,2758.0
1157,2009-12-09,390.9,396.0,390.0,392.15,361.3347,226.0
1156,2009-12-08,390.0,393.0,390.0,390.0,359.3536,224.0
1155,2009-12-07,382.5,397.95,382.5,395.0,363.9606,2637.0
1154,2009-12-04,391.05,398.0,391.05,397.0,365.8035,798.0
1153,2009-12-03,398.0,403.0,393.3,396.6,365.435,294.0
1152,2009-12-02,460.0,460.0,382.05,399.9,368.4756,209.0
1151,2009-12-01,450.0,450.0,385.2,394.05,363.0854,960.0
1150,2009-11-30,399.0,405.3,395.0,395.15,364.0988,685.0
1149,2009-11-27,402.95,402.95,381.0,395.3,364.2371,299.0
1148,2009-11-26,403.95,403.95,395.0,396.1,364.9742,242.0
1147,2009-11-25,399.9,399.9,399.9,399.9,368.4756,100.0
1146,2009-11-24,391.05,401.0,391.0,397.1,365.8956,1356.0
1145,2009-11-23,395.0,400.0,395.0,399.45,368.061,207.0
1144,2009-11-20,382.0,399.8,382.0,395.1,364.0528,717.0
1143,2009-11-19,400.0,400.0,390.0,395.25,364.191,645.0
1142,2009-11-18,390.0,400.0,388.0,398.5,367.1856,3337.0
1141,2009-11-17,400.0,400.0,390.0,394.95,363.9147,239.0
1140,2009-11-16,352.95,394.8,352.95,391.0,360.275,576.0
1139,2009-11-13,399.0,399.0,387.0,388.05,357.5568,552.0
1138,2009-11-12,387.0,399.0,386.0,386.95,356.5432,145.0
1137,2009-11-11,395.0,395.8,386.0,388.45,357.9254,312.0
1136,2009-11-10,389.0,401.5,389.0,394.45,363.4539,1566.0
1135,2009-11-09,390.0,390.0,390.0,390.0,357.5107,460.0
1134,2009-11-06,449.95,450.0,380.25,392.7,359.9859,2986.0
1133,2009-11-05,399.85,404.0,398.0,401.0,367.5945,674.0
1132,2009-11-04,390.0,406.0,390.0,398.85,365.6236,1364.0
1131,2009-11-03,341.3,397.0,341.3,387.95,355.6315,329.0
1130,2009-10-30,381.0,397.0,381.0,391.3,358.7025,1423.0
1129,2009-10-29,362.5,378.95,342.55,366.7,336.1518,2267.0
1128,2009-10-28,390.0,390.0,371.1,379.9,348.2521,575.0
1127,2009-10-27,375.2,375.2,371.15,372.9,341.8353,141.0
1126,2009-10-26,387.0,389.0,380.1,380.25,348.5729,1304.0
1125,2009-10-23,389.95,389.95,382.25,389.2,356.7774,70.0
1124,2009-10-22,400.0,400.0,385.0,385.05,352.9731,1076.0
1123,2009-10-21,397.1,405.0,391.15,395.3,362.3692,1259.0
1122,2009-10-20,400.0,405.0,390.0,392.1,359.4358,2474.0
1121,2009-10-16,380.1,389.0,375.0,388.55,356.1815,485.0
1120,2009-10-15,389.9,389.9,380.0,384.9,352.8356,21.0
1119,2009-10-14,386.15,387.0,382.0,384.2,352.194,325.0
1118,2009-10-13,386.1,386.1,386.1,386.1,353.9356,0.0
1117,2009-10-12,392.0,392.0,386.1,386.1,353.9356,336.0
1116,2009-10-09,395.1,398.95,395.0,395.05,362.14,1294.0
1115,2009-10-08,404.0,404.0,395.05,395.05,362.14,141.0
1114,2009-10-07,398.0,399.0,396.5,397.35,364.2484,285.0
1113,2009-10-06,390.0,399.0,390.0,395.0,362.0942,3586.0
1112,2009-10-05,457.95,457.95,385.0,389.85,357.3733,808.0
1111,2009-10-01,390.0,392.0,383.05,385.15,353.0648,945.0
1110,2009-09-30,377.15,391.0,377.15,381.0,349.2605,287.0
1109,2009-09-29,380.0,395.0,380.0,382.0,350.1772,836.0
1108,2009-09-25,438.0,438.0,380.0,380.9,349.1689,1061.0
1107,2009-09-24,368.0,388.0,368.0,376.05,344.7229,520.0
1106,2009-09-23,380.0,382.95,377.7,380.95,349.2147,411.0
1105,2009-09-22,389.0,389.0,377.5,380.05,348.3896,185.0
1104,2009-09-18,384.0,389.75,384.0,389.75,357.2816,11.0
1103,2009-09-17,377.05,385.0,377.05,384.0,352.0106,275.0
1102,2009-09-16,372.05,381.05,372.05,381.05,349.3063,26.0
1101,2009-09-15,374.0,385.0,374.0,380.25,348.5729,162.0
1100,2009-09-14,388.0,390.0,385.2,386.0,353.844,1470.0
1099,2009-09-11,390.0,390.0,386.0,387.05,354.8065,937.0
1098,2009-09-10,389.9,391.0,387.5,389.95,357.4649,2975.0
1097,2009-09-09,388.0,389.9,387.4,389.85,357.3733,2086.0
1096,2009-09-08,387.1,388.9,387.1,388.9,356.5023,572.0
1095,2009-09-07,387.05,390.0,387.05,389.65,357.1899,3738.0
1094,2009-09-04,386.25,387.25,386.25,387.2,354.944,490.0
1093,2009-09-03,390.0,390.8,385.05,389.1,356.6857,5753.0
1092,2009-09-02,389.0,389.0,386.5,386.65,354.4399,1577.0
1091,2009-09-01,387.1,389.7,385.1,386.5,354.3023,955.0
1090,2009-08-31,391.15,391.15,388.1,388.1,355.769,186.0
1089,2009-08-28,390.0,390.0,388.1,388.65,356.2733,4572.0
1088,2009-08-27,388.15,390.9,388.15,390.0,357.5107,7086.0
1087,2009-08-26,390.15,392.0,387.35,391.0,358.4275,14497.0
1086,2009-08-25,400.0,400.0,388.0,390.15,357.6483,42397.0
1085,2009-08-24,390.0,391.0,388.0,389.8,357.3274,4051.0
1084,2009-08-21,385.25,385.35,385.0,385.35,353.2481,445.0
1083,2009-08-20,387.0,391.6,382.0,390.0,357.5107,11728.0
1082,2009-08-19,379.0,385.9,371.0,384.7,352.6523,8774.0
1081,2009-08-18,369.0,377.0,366.25,376.1,344.7687,4724.0
1080,2009-08-17,362.25,369.9,362.25,366.1,335.6017,410.0
1079,2009-08-14,369.9,369.9,365.1,367.55,336.931,522.0
1078,2009-08-13,377.8,377.8,365.0,367.5,336.8852,3390.0
1077,2009-08-12,350.55,367.9,350.55,366.8,336.2435,1971.0
1076,2009-08-11,353.05,363.9,350.0,354.4,324.8764,549.0
1075,2009-08-10,352.5,361.95,352.0,359.85,329.8724,283.0
1074,2009-08-07,360.1,369.4,320.0,359.7,329.7349,501856.0
1073,2009-08-06,356.05,362.0,356.05,360.9,330.8349,550.0
1072,2009-08-05,353.85,360.0,353.8,359.9,329.9183,340.0
1071,2009-08-04,360.0,360.0,354.2,355.65,326.0223,869.0
1070,2009-08-03,360.0,360.0,353.0,360.0,330.0099,343.0
1069,2009-07-31,362.5,362.5,354.0,354.1,324.6015,534.0
1068,2009-07-30,348.5,369.8,348.5,358.85,328.9557,6974.0
1067,2009-07-29,352.0,352.0,348.55,349.1,320.018,1711.0
1066,2009-07-28,354.5,354.5,348.0,350.0,320.843,242.0
1065,2009-07-27,358.8,358.85,343.3,350.0,320.843,412.0
1064,2009-07-24,346.0,353.85,343.25,345.0,313.5094,307.0
1063,2009-07-23,349.9,353.9,349.9,350.05,318.0985,501.0
1062,2009-07-22,349.0,350.0,349.0,350.0,318.0531,700.0
1061,2009-07-21,345.1,359.8,345.1,348.7,316.8717,1000.0
1060,2009-07-20,341.0,347.0,341.0,347.0,315.3269,813.0
1059,2009-07-17,342.45,345.0,338.1,341.0,309.8746,291.0
1058,2009-07-16,336.25,344.9,336.25,341.05,309.92,1077.0
1057,2009-07-15,330.0,345.0,330.0,337.15,306.376,6903.0
1056,2009-07-14,344.55,344.7,315.0,315.65,286.8384,4012132.0
1055,2009-07-13,344.1,344.1,344.1,344.1,312.6916,50.0
1054,2009-07-10,344.0,350.0,343.7,345.0,313.5094,730.0
1053,2009-07-09,342.35,357.65,342.35,343.0,311.6919,195.0
1052,2009-07-08,342.55,358.0,340.5,342.25,311.0104,644.0
1051,2009-07-07,347.0,350.0,341.0,343.05,311.7374,826.0
1050,2009-07-06,357.0,357.0,349.9,350.0,318.0531,376.0
1049,2009-07-03,358.5,358.5,358.5,358.5,325.7771,1972.0
1048,2009-07-02,355.0,355.0,350.1,351.1,319.0526,213.0
1047,2009-07-01,354.9,354.9,346.2,346.2,314.5999,16.0
1046,2009-06-30,355.0,355.0,347.7,350.15,318.1894,103.0
1045,2009-06-29,355.55,355.55,355.0,355.45,323.0056,11.0
1044,2009-06-26,355.0,355.0,351.65,352.15,320.0068,895.0
1043,2009-06-25,346.25,361.5,346.25,361.5,328.5034,3228.0
1042,2009-06-24,345.5,359.0,345.5,354.5,322.1422,2087.0
1041,2009-06-23,346.1,358.0,346.1,356.0,323.5054,1784.0
1040,2009-06-22,350.9,358.0,347.15,356.55,324.0052,1043.0
1039,2009-06-19,342.8,346.6,342.8,344.55,313.1005,344.0
1038,2009-06-18,349.0,349.0,343.5,343.75,312.3736,305.0
1037,2009-06-17,350.0,351.0,340.5,344.35,312.9188,1008.0
1036,2009-06-16,350.0,351.0,350.0,350.0,318.0531,62.0
1035,2009-06-15,346.6,350.0,345.75,349.6,317.6895,1882.0
1034,2009-06-12,350.15,351.5,345.0,346.45,314.8271,1535.0
1033,2009-06-11,348.0,357.9,346.1,352.2,320.0522,1322.0
1032,2009-06-10,341.7,347.95,341.4,342.05,310.8286,1317.0
1031,2009-06-09,342.75,348.0,340.0,344.25,312.8279,5205.0
1030,2009-06-08,340.0,347.0,340.0,340.25,309.1931,2523.0
1029,2009-06-05,342.0,343.0,337.15,337.15,306.376,964.0
1028,2009-06-04,335.1,342.9,335.1,342.9,311.6011,85.0
1027,2009-06-03,336.4,344.0,336.25,338.05,307.1938,1855.0
1026,2009-06-02,340.0,342.0,337.55,342.0,310.7832,771.0
1025,2009-06-01,333.25,349.95,333.25,336.8,306.0579,8849.0
1024,2009-05-29,340.05,343.1,340.0,340.4,309.3293,380.0
1023,2009-05-28,340.1,345.0,340.1,340.45,309.3748,187.0
1022,2009-05-27,340.05,348.0,340.0,345.95,314.3728,1092.0
1021,2009-05-26,350.0,350.0,340.0,340.05,309.0112,206.0
1020,2009-05-25,334.9,359.8,334.9,346.0,314.4182,2224.0
1019,2009-05-22,335.0,338.0,331.5,332.5,302.1504,1914.0
1018,2009-05-21,337.95,339.75,332.0,333.55,303.1045,147.0
1017,2009-05-20,335.0,343.95,330.0,335.0,304.4222,1569.0
1016,2009-05-19,330.0,338.0,329.0,334.15,303.6498,287.0
1015,2009-05-18,328.75,328.75,328.75,328.75,298.7427,0.0
1014,2009-05-15,329.0,329.0,319.95,323.9,294.3354,4187.0
1013,2009-05-14,328.0,329.0,321.0,326.65,296.8344,442.0
1012,2009-05-13,327.25,329.0,325.0,325.8,296.062,1940.0
1011,2009-05-12,333.0,333.0,320.0,327.35,297.4705,2466.0
1010,2009-05-11,329.9,335.0,329.9,333.25,302.8319,72.0
1009,2009-05-08,328.5,330.0,328.0,328.9,298.879,36.0
1008,2009-05-07,328.0,335.0,321.0,327.15,297.2887,588.0
1007,2009-05-06,329.0,329.95,327.0,329.7,299.606,160.0
1006,2009-05-05,328.0,330.0,327.0,327.65,297.7431,238.0
1005,2009-05-04,328.0,329.5,301.7,325.45,295.7438,2999.0
1004,2009-04-30,329.0,329.0,329.0,329.0,298.9698,0.0
1003,2009-04-29,329.0,329.0,326.1,328.2,298.2428,362.0
1002,2009-04-28,320.05,329.7,320.05,328.3,298.3337,67.0
1001,2009-04-27,323.05,329.85,278.55,328.45,298.4701,1526.0
1000,2009-04-24,330.0,330.0,325.0,327.65,297.7431,286.0
999,2009-04-23,329.0,330.5,324.0,327.9,297.9703,266.0
998,2009-04-22,331.0,331.0,330.5,330.5,300.3329,31.0
997,2009-04-21,330.0,330.75,328.0,330.45,300.2875,244.0
996,2009-04-20,330.0,330.0,300.0,324.85,295.1986,1360.0
995,2009-04-17,325.05,339.0,322.0,328.5,298.5155,1205.0
994,2009-04-16,327.0,328.65,325.0,328.6,298.6064,202.0
993,2009-04-15,330.0,330.0,324.0,325.95,296.1982,3308.0
992,2009-04-13,329.05,330.0,327.0,328.45,298.4701,951.0
991,2009-04-09,329.4,329.4,327.0,329.3,299.2424,312.0
990,2009-04-08,329.0,329.0,324.0,326.05,296.2891,2721.0
989,2009-04-06,330.0,330.0,325.0,326.25,296.4709,252.0
988,2009-04-02,329.0,329.0,318.0,325.8,296.062,2434.0
987,2009-04-01,329.9,329.9,329.9,329.9,299.7877,2.0
986,2009-03-31,330.0,330.0,325.15,326.6,296.7889,425.0
985,2009-03-30,330.0,330.0,327.0,328.9,298.879,247.0
984,2009-03-27,330.0,330.0,327.0,328.4,298.4246,119.0
983,2009-03-26,330.0,330.0,328.0,328.45,298.4701,245.0
982,2009-03-25,330.0,330.0,328.0,329.0,298.9698,175.0
981,2009-03-24,330.0,330.0,327.0,329.7,299.606,625.0
980,2009-03-23,330.0,331.7,328.0,328.9,298.879,626.0
979,2009-03-20,330.0,330.0,320.05,328.85,298.8336,522.0
978,2009-03-19,330.0,330.0,330.0,330.0,299.8785,50.0
977,2009-03-18,330.0,331.0,327.0,329.25,299.197,279.0
976,2009-03-17,330.0,330.0,329.0,329.3,299.2424,229.0
975,2009-03-16,330.0,330.0,322.0,329.65,299.5605,3700.0
974,2009-03-13,330.0,330.0,329.0,329.85,299.7423,90.0
973,2009-03-12,331.3,331.3,325.0,327.8,297.8794,3392.0
972,2009-03-09,330.0,333.5,327.0,330.2,300.0604,940.0
971,2009-03-06,330.0,330.0,329.0,329.5,299.4242,165.0
970,2009-03-05,330.0,330.0,325.05,329.0,298.9698,1455.0
969,2009-03-04,283.1,333.65,283.1,332.7,302.3322,350.0
968,2009-03-03,330.0,333.95,329.5,330.0,299.8785,431.0
967,2009-03-02,327.95,332.5,327.95,330.15,300.0149,23779.0
966,2009-02-27,324.95,330.0,324.95,329.0,298.9698,25202.0
965,2009-02-26,329.5,330.0,320.15,325.0,295.335,5486.0
964,2009-02-25,328.1,330.0,328.0,329.95,299.8332,2776.0
963,2009-02-24,320.05,330.0,320.05,329.6,299.5151,616.0
962,2009-02-20,330.0,333.0,325.05,330.0,299.8785,9578.0
961,2009-02-19,332.0,333.95,326.0,330.05,299.924,4383.0
960,2009-02-18,333.0,333.95,325.1,330.2,300.0604,2976.0
959,2009-02-17,334.0,334.9,331.0,331.0,300.7873,239.0
958,2009-02-16,333.0,336.0,330.0,331.1,300.8782,690.0
957,2009-02-13,333.0,333.0,333.0,333.0,302.6048,0.0
956,2009-02-12,333.0,335.0,330.15,331.3,301.0599,1221.0
955,2009-02-11,334.0,334.0,330.0,333.2,302.7865,1380.0
954,2009-02-10,335.0,338.6,325.15,334.55,304.0132,13736.0
953,2009-02-09,338.0,338.0,334.0,334.4,303.877,140.0
952,2009-02-06,337.0,337.0,330.0,335.95,305.2855,4174.0
951,2009-02-05,337.0,339.9,330.0,337.05,306.2851,1257.0
950,2009-02-04,341.0,347.0,336.0,337.05,306.2851,1226.0
949,2009-02-03,339.0,339.0,334.0,336.65,305.9216,1760.0
948,2009-02-02,339.2,340.0,336.1,337.5,306.694,4703.0
947,2009-01-30,340.0,343.3,339.0,339.7,308.6932,17859.0
946,2009-01-29,345.0,345.0,339.0,339.85,308.8295,2485.0
945,2009-01-28,345.0,345.0,341.0,343.7,312.3282,2259.0
944,2009-01-27,346.0,346.0,340.0,344.7,313.2368,2031.0
943,2009-01-23,385.0,385.0,332.05,342.0,310.7832,4514.0
942,2009-01-22,345.0,348.95,342.0,344.3,312.8733,1496.0
941,2009-01-21,346.0,346.0,343.9,344.0,312.6007,1001.0
940,2009-01-20,345.0,350.0,340.65,347.25,315.5541,1703.0
939,2009-01-19,345.0,345.0,341.55,344.9,313.4185,1111.0
938,2009-01-16,345.1,347.9,340.0,345.0,313.5094,1098.0
937,2009-01-15,345.0,345.0,345.0,345.0,313.5094,25.0
936,2009-01-14,345.0,345.0,344.9,344.9,313.4185,326.0
935,2009-01-13,345.0,349.0,340.0,346.25,314.6453,2965.0
934,2009-01-12,345.05,345.05,343.9,345.0,313.5094,215.0
933,2009-01-09,345.05,345.05,344.9,344.9,313.4185,721.0
932,2009-01-07,345.1,345.1,344.0,344.85,313.3731,877.0
931,2009-01-06,348.0,348.0,341.1,345.0,313.5094,2275.0
930,2009-01-05,354.1,354.1,345.0,345.0,313.5094,511.0
929,2009-01-02,355.0,355.0,355.0,355.0,322.5966,100.0
928,2008-12-31,352.75,352.75,352.75,352.75,320.5521,0.0
927,2008-12-30,345.0,352.75,340.0,345.55,314.0092,3477.0
926,2008-12-29,345.0,349.95,344.0,345.15,313.6457,742.0
925,2008-12-26,349.8,350.0,345.1,350.0,318.0531,196.0
924,2008-12-24,346.1,349.95,346.1,346.1,314.509,0.0
923,2008-12-23,346.1,349.95,346.1,346.1,314.509,355.0
922,2008-12-22,346.0,352.9,345.0,346.2,314.5999,14.0
921,2008-12-19,345.0,352.0,345.0,352.0,319.8705,7857.0
920,2008-12-18,345.0,347.95,340.35,346.0,314.4182,419.0
919,2008-12-17,345.0,345.0,342.0,342.0,310.7832,94.0
918,2008-12-16,341.65,345.0,341.6,341.65,310.4652,541.0
917,2008-12-15,345.0,345.0,345.0,345.0,313.5094,100.0
916,2008-12-12,345.0,349.95,343.0,347.6,315.8721,245.0
915,2008-12-11,345.0,347.0,340.2,347.0,315.3269,684.0
914,2008-12-10,346.1,351.95,340.3,340.8,309.6927,1280.0
913,2008-12-08,345.0,348.0,341.2,342.3,311.0559,728.0
912,2008-12-05,345.0,348.0,340.0,347.95,316.1902,1691.0
911,2008-12-04,340.3,344.7,339.3,341.7,310.5106,3517.0
910,2008-12-03,344.9,345.0,339.3,342.5,311.2375,2127.0
909,2008-12-02,337.3,348.0,337.0,346.0,314.4182,1807.0
908,2008-12-01,345.0,345.0,337.0,337.0,306.2397,426.0
907,2008-11-28,343.0,350.0,340.0,347.45,315.7357,8432.0
906,2008-11-27,0.0,0.0,0.0,0.0,0.0,0.0
905,2008-11-26,341.95,342.5,335.0,340.95,309.8291,5077.0
904,2008-11-25,370.0,399.95,335.0,342.8,311.5103,7379.0
903,2008-11-24,333.25,345.0,332.5,338.4,307.5119,1894.0
902,2008-11-21,348.95,348.95,335.0,344.95,313.4639,1986.0
901,2008-11-20,325.15,340.0,325.0,338.0,307.1483,4215.0
900,2008-11-19,349.0,377.0,326.25,345.0,313.5094,2285.0
899,2008-11-18,340.0,340.0,325.1,336.75,306.0125,1598.0
898,2008-11-17,339.0,339.0,330.0,330.0,299.8785,180.0
897,2008-11-14,335.0,335.0,330.5,330.65,299.5605,68.0
896,2008-11-12,336.1,336.1,327.0,333.2,301.8708,1240.0
895,2008-11-11,340.0,340.0,339.0,339.9,307.9409,345.0
894,2008-11-10,339.95,340.0,338.0,340.0,308.0314,2041.0
893,2008-11-07,338.0,340.1,336.05,340.0,308.0314,441.0
892,2008-11-06,341.75,341.75,331.1,339.85,307.8955,1827.0
891,2008-11-05,334.25,342.0,328.0,338.0,306.2195,1080.0
890,2008-11-04,344.0,344.95,333.1,338.6,306.763,1333.0
889,2008-11-03,330.05,349.95,330.05,340.0,308.0314,2140.0
888,2008-10-31,321.1,355.75,321.1,343.8,311.4742,3308.0
887,2008-10-29,335.0,335.0,320.1,333.45,302.0973,1175.0
886,2008-10-27,320.0,335.0,315.0,331.0,299.8776,22091.0
885,2008-10-24,320.5,337.0,305.0,318.7,288.7342,10248.0
884,2008-10-23,340.0,341.0,330.0,330.5,299.4246,1923.0
883,2008-10-22,330.05,340.0,330.05,337.65,305.9024,2584.0
882,2008-10-21,340.0,345.0,332.05,341.45,309.3451,1702.0
881,2008-10-20,340.05,342.0,325.0,333.35,302.0067,19011.0
880,2008-10-17,350.5,351.5,335.0,344.7,312.2895,16254.0
879,2008-10-16,334.0,353.0,334.0,350.25,317.3176,1536.0
878,2008-10-15,334.1,363.4,334.1,349.95,317.0459,2424.0
877,2008-10-14,353.75,360.0,351.55,358.1,324.4295,3003.0
876,2008-10-13,343.9,368.95,343.9,358.9,325.1543,9189.0
875,2008-10-10,345.0,351.0,335.0,341.15,309.0733,10072.0
874,2008-10-08,360.0,360.0,341.0,346.9,314.2826,4218.0
873,2008-10-07,360.0,364.0,352.0,359.95,326.1057,3225.0
872,2008-10-06,360.0,364.0,350.2,363.15,329.0047,3155.0
871,2008-10-03,362.0,365.0,362.0,364.6,330.3184,10827.0
870,2008-10-01,364.0,364.95,360.05,360.05,326.1962,185.0
869,2008-09-30,353.55,369.0,353.55,365.05,330.7261,2306.0
868,2008-09-29,362.25,366.0,358.55,360.05,326.1962,11258.0
867,2008-09-26,363.65,370.0,363.0,368.2,333.5799,5127.0
866,2008-09-25,367.0,369.0,366.0,366.0,331.5867,6389.0
865,2008-09-24,366.15,369.5,365.0,365.5,331.1337,233.0
864,2008-09-23,366.0,369.5,366.0,369.45,334.7123,510.0
863,2008-09-22,368.0,370.0,362.1,369.9,335.1201,2498.0
862,2008-09-19,366.3,366.8,362.55,364.25,330.0013,90.0
861,2008-09-18,350.05,369.8,350.05,369.5,334.7576,3726.0
860,2008-09-17,366.5,370.0,366.5,369.3,334.5764,1094.0
859,2008-09-16,375.0,375.0,368.0,368.4,333.761,11622.0
858,2008-09-15,384.0,384.0,355.1,369.0,334.3046,1396.0
857,2008-09-12,368.0,368.0,368.0,368.0,333.3987,73.0
856,2008-09-11,368.9,369.8,366.25,369.5,334.7576,645.0
855,2008-09-10,367.0,370.0,365.5,369.85,335.0747,1780.0
854,2008-09-09,365.3,370.0,365.3,370.0,335.2106,4216.0
853,2008-09-08,370.0,372.9,367.0,369.5,334.7576,3402.0
852,2008-09-05,369.0,369.0,368.0,368.0,333.3987,1050.0
851,2008-09-04,370.0,370.0,363.25,369.0,334.3046,1872.0
850,2008-09-02,366.8,372.9,365.6,370.25,335.4372,8828.0
849,2008-09-01,369.0,372.0,369.0,370.25,335.4372,18343.0
848,2008-08-29,373.45,374.0,360.1,369.85,335.0747,7375.0
847,2008-08-28,370.0,370.0,367.35,369.0,334.3046,4384.0
846,2008-08-27,364.6,373.95,364.6,372.85,337.7926,1016.0
845,2008-08-26,361.05,374.75,361.05,374.7,339.4687,6559.0
844,2008-08-25,350.1,374.95,350.1,370.15,335.3466,484.0
843,2008-08-22,357.6,374.9,357.3,374.3,339.1063,420.0
842,2008-08-21,374.25,374.25,374.0,374.25,339.0611,726.0
841,2008-08-20,370.0,375.0,370.0,374.5,339.2875,2337.0
840,2008-08-19,375.0,375.0,370.0,372.85,337.7926,2842.0
839,2008-08-18,374.85,375.0,371.3,374.95,339.6952,5281.0
838,2008-08-14,375.0,375.0,375.0,375.0,339.7405,2000.0
837,2008-08-13,371.0,375.0,367.0,374.75,339.514,7424.0
836,2008-08-12,375.0,377.95,374.0,374.15,338.9704,15020.0
835,2008-08-11,377.95,380.0,372.15,375.5,340.1935,9423.0
834,2008-08-08,365.1,375.0,365.1,374.9,339.6499,13933.0
833,2008-08-07,374.85,380.0,373.15,377.65,342.1413,30818.0
832,2008-08-06,375.0,378.95,374.0,375.05,339.7857,13581.0
831,2008-08-05,380.0,380.0,380.0,380.0,344.2704,1000.0
830,2008-08-04,375.6,380.0,355.0,379.95,344.2251,11900.0
829,2008-08-01,362.1,381.0,362.1,380.15,344.4063,15972.0
828,2008-07-31,370.6,375.0,370.5,374.6,339.3781,1248.0
827,2008-07-30,374.85,375.0,372.6,375.0,339.7405,1100.0
826,2008-07-29,379.95,380.0,374.25,375.15,339.8763,6827.0
825,2008-07-28,380.0,384.0,378.4,380.75,342.2318,27495.0
824,2008-07-25,385.0,388.0,378.0,380.75,342.2318,37027.0
823,2008-07-24,380.0,384.9,379.5,381.25,342.6814,24965.0
822,2008-07-23,387.0,390.0,378.85,380.55,342.0522,39813.0
821,2008-07-22,375.0,389.5,372.75,377.65,339.4455,79450.0
820,2008-07-21,370.1,385.0,360.1,371.25,333.6929,137155.0
819,2008-07-18,356.1,383.0,356.1,380.4,341.9174,68832.0
818,2008-07-17,378.0,378.0,354.25,362.0,325.3787,145476.0
817,2008-07-16,370.0,374.0,355.0,364.05,327.2213,33530.0
816,2008-07-15,382.5,382.5,366.5,370.65,333.1537,12100.0
815,2008-07-14,371.0,373.0,369.0,370.6,333.1087,8987.0
814,2008-07-11,375.1,375.1,365.05,369.8,332.3896,27184.0
813,2008-07-10,375.0,375.0,371.6,374.25,336.3895,4635.0
812,2008-07-09,385.0,386.0,370.0,374.8,336.8838,29446.0
811,2008-07-08,352.1,381.95,352.1,377.15,338.9961,19925.0
810,2008-07-07,386.0,388.0,375.0,380.15,341.6926,10394.0
809,2008-07-04,371.0,385.0,369.0,373.75,335.9401,36309.0
808,2008-07-03,355.0,372.0,355.0,370.1,332.6594,22288.0
807,2008-07-02,359.0,384.0,350.0,378.05,339.8051,11976.0
806,2008-07-01,350.8,359.8,331.3,356.15,320.1205,21381.0
805,2008-06-30,340.0,360.0,335.3,343.2,308.4806,72740.0
804,2008-06-27,349.0,360.0,331.15,340.2,305.7841,34065.0
803,2008-06-26,355.0,369.0,344.95,354.1,318.2779,19569.0
802,2008-06-25,346.0,365.0,326.0,349.1,313.7838,31557.0
801,2008-06-24,360.0,360.0,337.3,353.0,317.2893,4489.0
800,2008-06-23,365.0,365.0,311.3,350.95,315.4467,11876.0
799,2008-06-20,368.45,368.5,349.0,353.65,317.8734,2913.0
798,2008-06-19,355.5,365.0,355.0,359.25,322.907,1061.0
797,2008-06-18,370.5,370.5,359.1,366.95,329.828,3247.0
796,2008-06-17,375.0,375.0,357.1,367.1,329.9629,33162.0
795,2008-06-16,383.0,383.0,365.4,369.35,331.9851,4392.0
794,2008-06-13,383.0,400.0,363.3,367.85,330.637,5339.0
793,2008-06-12,368.1,379.0,368.1,376.3,338.2321,2215.0
792,2008-06-11,384.9,384.9,362.7,380.0,341.5578,1572.0
791,2008-06-10,388.0,388.0,371.0,379.55,341.1533,475.0
790,2008-06-09,384.0,390.0,364.25,381.25,342.6814,790.0
789,2008-06-06,386.65,386.9,370.35,383.85,345.0183,2778.0
788,2008-06-05,382.0,382.0,355.25,377.5,339.3107,4355.0
787,2008-06-04,369.95,372.0,355.35,362.0,325.3787,2610.0
786,2008-06-03,360.0,364.75,348.0,363.15,326.4124,8093.0
785,2008-06-02,362.1,371.5,360.4,369.45,332.0751,2949.0
784,2008-05-30,370.0,375.0,358.0,370.65,333.1537,6272.0
783,2008-05-29,355.0,369.95,355.0,361.95,325.3338,2865.0
782,2008-05-28,359.5,359.5,337.0,349.6,314.2331,658.0
781,2008-05-27,364.0,365.0,355.5,358.2,321.9632,874.0
780,2008-05-26,374.0,380.0,355.65,365.05,328.1202,1764.0
779,2008-05-23,371.0,371.0,363.0,365.5,328.5247,559.0
778,2008-05-22,370.3,378.5,370.3,373.25,335.4907,889.0
777,2008-05-21,380.0,387.5,380.0,381.9,343.2656,1151.0
776,2008-05-20,382.2,388.15,378.0,379.5,341.1083,1248.0
775,2008-05-16,453.0,453.0,382.05,387.1,347.9394,4651.0
774,2008-05-15,378.0,383.8,356.0,379.75,341.3332,7223.0
773,2008-05-14,365.15,375.0,365.0,371.65,334.0525,960.0
772,2008-05-13,355.6,378.2,344.9,376.05,338.0074,3290.0
771,2008-05-12,368.0,369.95,354.0,361.0,324.4799,1705.0
770,2008-05-09,375.0,377.7,340.0,358.55,322.2777,4138.0
769,2008-05-08,375.0,379.0,370.3,375.95,337.9175,2165.0
768,2008-05-07,366.15,370.1,366.05,368.0,330.7718,470.0
767,2008-05-06,376.0,379.9,365.1,368.4,331.1313,863.0
766,2008-05-05,363.0,378.25,363.0,373.85,336.03,6694.0
765,2008-05-02,376.6,378.2,375.0,375.8,337.7827,130.0
764,2008-04-30,378.25,382.0,375.0,378.15,339.895,7137.0
763,2008-04-29,377.4,385.75,377.4,380.45,341.9623,137.0
762,2008-04-28,380.0,388.8,376.25,380.05,341.6027,896.0
761,2008-04-25,372.0,381.0,365.0,379.55,341.1533,5241.0
760,2008-04-24,372.1,381.95,369.0,375.0,337.0636,9465.0
759,2008-04-23,379.95,384.0,365.0,380.5,342.0072,7823.0
758,2008-04-22,370.4,382.0,370.4,380.75,342.2318,1394.0
757,2008-04-21,389.95,389.95,371.1,382.0,343.3555,1777.0
756,2008-04-17,366.2,380.0,366.2,379.05,340.7039,1307.0
755,2008-04-16,371.1,382.0,370.0,380.25,341.7825,1123.0
754,2008-04-15,371.1,384.0,368.9,381.1,342.5465,6258.0
753,2008-04-11,380.0,382.0,375.0,382.0,343.3555,570.0
752,2008-04-10,360.1,384.5,360.0,379.8,341.3781,3679.0
751,2008-04-09,350.2,381.0,350.2,374.2,336.3446,839.0
750,2008-04-08,372.0,372.0,372.0,372.0,334.3672,15.0
749,2008-04-07,376.0,385.0,365.3,378.15,339.895,4650.0
748,2008-04-04,380.0,384.8,370.0,376.35,338.277,5071.0
747,2008-04-03,374.0,381.0,360.0,377.0,338.8613,11669.0
746,2008-04-02,354.0,381.0,354.0,374.1,336.2546,7143.0
745,2008-04-01,346.25,363.0,345.2,359.95,323.5361,5537.0
744,2008-03-31,350.5,365.0,342.3,357.35,321.1992,17013.0
743,2008-03-28,359.0,360.05,350.0,359.15,322.8171,2571.0
742,2008-03-27,336.5,359.0,336.5,349.1,313.7838,4321.0
741,2008-03-26,350.0,354.0,336.1,349.45,314.0984,5205.0
740,2008-03-25,355.0,355.0,336.1,350.4,314.9522,20794.0
739,2008-03-24,337.5,358.9,329.9,346.7,311.6266,10822.0
738,2008-03-19,317.5,370.0,317.5,356.8,320.7048,24896.0
737,2008-03-18,325.0,331.95,308.0,328.55,295.3127,11416.0
736,2008-03-17,360.95,360.95,314.0,317.75,285.6053,10717.0
735,2008-03-14,346.6,358.0,345.0,355.8,319.8059,6246.0
734,2008-03-13,350.0,360.0,325.0,353.0,317.2893,16989.0
733,2008-03-12,345.35,360.0,342.1,358.95,322.6373,3783.0
732,2008-03-11,324.0,350.0,324.0,348.0,312.7951,7276.0
731,2008-03-10,321.0,349.0,295.95,339.2,304.8852,43095.0
730,2008-03-07,331.2,359.65,305.2,322.8,290.1444,3400.0
729,2008-03-05,345.0,355.0,330.0,349.3,313.9635,13644.0
728,2008-03-04,356.0,356.0,342.1,355.1,319.1768,14026.0
727,2008-03-03,364.6,364.75,355.1,359.6,323.2216,2924.0
726,2008-02-29,371.95,380.0,362.0,371.9,334.2772,2907.0
725,2008-02-28,368.0,385.0,358.85,374.65,336.749,4957.0
724,2008-02-27,377.0,385.0,371.0,375.1,337.1534,3489.0
723,2008-02-26,328.1,380.0,328.1,378.0,339.7601,6644.0
722,2008-02-25,370.0,370.0,356.05,365.75,328.7494,2648.0
721,2008-02-22,365.0,373.9,350.0,365.3,328.3449,10581.0
720,2008-02-21,310.0,383.0,310.0,380.0,341.5578,15038.0
719,2008-02-20,330.0,384.9,330.0,383.35,344.5689,22009.0
718,2008-02-19,374.0,380.0,366.6,378.65,340.3443,11551.0
717,2008-02-18,377.0,379.0,354.0,377.35,339.1759,18381.0
716,2008-02-15,370.0,379.95,350.0,371.6,334.0076,9715.0
715,2008-02-14,370.0,370.0,348.0,369.9,332.4796,21807.0
714,2008-02-13,371.0,371.0,331.1,369.75,332.3447,7097.0
713,2008-02-12,364.0,375.0,364.0,370.85,333.3335,2805.0
712,2008-02-11,371.0,377.0,370.0,370.0,332.5694,3441.0
711,2008-02-08,384.0,389.9,373.0,383.9,345.0633,8538.0
710,2008-02-07,385.0,388.0,375.0,381.45,342.8612,2667.0
709,2008-02-06,375.0,379.0,375.0,375.0,337.0636,478.0
708,2008-02-05,375.0,380.0,375.0,375.0,337.0636,435.0
707,2008-02-04,370.0,380.0,370.0,377.05,338.9063,1749.0
706,2008-02-01,340.0,360.0,340.0,359.9,323.4912,12791.0
705,2008-01-31,325.0,350.0,324.95,349.3,313.9635,13411.0
704,2008-01-30,285.1,366.8,285.1,350.0,314.5927,8480.0
703,2008-01-29,390.0,390.0,340.1,350.0,314.5927,8482.0
702,2008-01-28,335.0,335.0,335.0,335.0,301.1101,110.0
701,2008-01-25,328.0,340.0,322.0,337.1,302.9978,4176.0
700,2008-01-24,315.0,360.0,310.0,338.55,304.301,4088.0
699,2008-01-23,350.0,350.0,337.0,337.0,302.9078,60.0
698,2008-01-22,301.0,364.0,255.0,325.25,292.3465,5600.0
697,2008-01-21,325.1,365.0,300.0,305.6,274.6844,3990.0
696,2008-01-18,356.5,375.0,356.5,366.0,328.9741,2745.0
695,2008-01-17,366.0,374.5,365.0,365.0,328.0752,1858.0
694,2008-01-16,370.0,374.0,337.1,372.85,335.1311,2715.0
693,2008-01-15,370.0,374.95,365.0,370.0,332.5694,2941.0
692,2008-01-14,356.1,377.0,356.0,373.35,335.5805,885.0
691,2008-01-11,370.0,373.0,363.05,373.0,335.266,1162.0
690,2008-01-10,361.0,370.0,360.0,369.3,331.9402,6963.0
689,2008-01-09,365.0,374.95,360.0,364.9,327.9853,1520.0
688,2008-01-08,390.0,390.0,371.0,371.9,334.2772,1616.0
687,2008-01-07,380.0,396.0,380.0,389.8,350.3664,1845.0
686,2008-01-04,350.0,389.8,350.0,380.0,341.5578,550.0
685,2008-01-03,362.0,385.0,362.0,381.85,343.2207,1836.0
684,2008-01-02,375.0,382.95,375.0,380.05,341.6027,955.0
683,2008-01-01,380.0,384.0,372.55,377.0,338.8613,394.0
682,2007-12-31,380.0,386.0,372.0,377.9,339.6702,523.0
681,2007-12-28,385.0,390.0,380.0,383.85,345.0183,1735.0
680,2007-12-27,380.0,394.0,380.0,385.0,346.0519,620.0
679,2007-12-26,397.0,397.0,365.0,386.4,347.3104,877.0
678,2007-12-24,378.0,388.8,360.15,384.4,345.5128,5948.0
677,2007-12-20,360.0,366.1,350.4,365.0,328.0752,453.0
676,2007-12-19,360.3,374.95,360.05,361.5,324.9294,1447.0
675,2007-12-18,370.0,374.0,360.05,360.05,323.626,1646.0
674,2007-12-17,362.0,375.0,360.0,374.25,336.3895,2187.0
673,2007-12-14,370.0,380.0,360.0,362.7,326.008,1245.0
672,2007-12-13,349.9,370.0,349.9,367.0,329.873,1828.0
671,2007-12-12,340.5,355.0,340.0,345.0,310.0986,1181.0
670,2007-12-11,340.0,364.45,340.0,345.15,310.2334,5876.0
669,2007-12-10,337.0,342.0,330.5,342.0,307.402,3880.0
668,2007-12-07,336.0,348.9,336.0,338.35,304.1212,1108.0
667,2007-12-06,342.1,364.0,342.0,351.5,315.9409,1580.0
666,2007-12-05,365.25,376.0,365.25,368.4,330.2325,3707.0
665,2007-12-04,365.0,374.0,362.0,371.45,332.9665,7822.0
664,2007-12-03,365.0,369.0,362.0,367.5,329.4257,600.0
663,2007-11-30,354.0,366.0,354.0,366.0,328.0811,4955.0
662,2007-11-29,350.0,360.0,340.0,351.95,315.4867,4254.0
661,2007-11-28,330.0,355.0,330.0,354.0,317.3243,3967.0
660,2007-11-27,310.1,335.0,310.1,335.0,300.2928,1186.0
659,2007-11-26,330.0,335.0,310.0,332.0,297.6036,10939.0
658,2007-11-23,315.0,325.0,305.0,325.0,291.3289,1392.0
657,2007-11-22,280.0,315.0,280.0,311.0,278.7793,3587.0
656,2007-11-21,320.0,340.0,320.0,325.0,291.3289,18483.0
655,2007-11-20,251.0,321.9,251.0,307.0,275.1937,20948.0
654,2007-11-19,241.0,310.0,241.0,306.75,274.9696,5061.0
653,2007-11-16,270.0,303.0,270.0,293.3,262.9131,3663.0
652,2007-11-15,275.0,299.0,275.0,292.15,261.8822,1671.0
651,2007-11-14,270.0,284.0,270.0,282.0,252.7838,361.0
650,2007-11-13,280.0,285.0,276.0,280.1,251.0806,925.0
649,2007-11-12,270.0,306.9,270.0,283.0,253.6802,501.0
648,2007-11-08,272.0,294.7,272.0,280.0,250.9911,407.0
647,2007-11-07,280.0,292.5,270.5,287.9,258.0726,3062.0
646,2007-11-06,270.0,290.0,270.0,280.0,250.9911,2766.0
645,2007-11-05,255.0,290.0,255.0,277.0,248.3019,1213.0
644,2007-11-02,270.0,304.9,270.0,279.85,250.8565,952.0
643,2007-11-01,305.0,310.0,285.0,291.0,260.8513,1503.0
642,2007-10-31,290.0,300.0,290.0,295.1,264.5266,8330.0
641,2007-10-30,292.0,292.0,275.35,281.75,252.5597,581.0
640,2007-10-29,300.0,310.0,280.0,292.85,262.5097,1432.0
639,2007-10-26,275.0,300.0,275.0,291.9,261.6581,2746.0
638,2007-10-25,264.3,274.0,264.3,273.0,244.7162,6845.0
637,2007-10-24,270.0,270.0,260.3,264.3,236.9175,880.0
636,2007-10-23,260.0,272.0,260.0,261.4,234.318,1673.0
635,2007-10-22,260.05,269.9,260.0,260.15,233.1975,771.0
634,2007-10-19,260.5,264.95,260.05,260.05,233.1079,3686.0
633,2007-10-18,270.0,270.0,260.0,261.45,234.3629,1247.0
632,2007-10-17,250.0,270.05,250.0,260.5,233.5113,2932.0
631,2007-10-16,270.05,272.0,270.0,270.0,242.0271,2966.0
630,2007-10-15,280.0,280.0,270.0,270.15,242.1615,2520.0
629,2007-10-12,271.0,273.0,270.0,270.05,242.0718,30289.0
628,2007-10-11,285.0,300.0,270.0,277.0,248.3019,280.0
627,2007-10-10,275.0,319.8,270.5,272.25,244.0439,917.0
626,2007-10-09,270.1,279.5,270.0,272.6,244.3577,3003.0
625,2007-10-08,318.0,318.0,270.0,271.5,243.3716,1299.0
624,2007-10-05,299.0,299.0,286.0,290.25,260.1791,4004.0
623,2007-10-04,305.0,306.0,295.1,300.0,268.9189,3554.0
622,2007-10-03,281.1,330.4,281.1,304.15,272.639,12730.0
621,2007-10-01,270.0,286.75,270.0,275.3,246.7779,6225.0
620,2007-09-28,270.05,270.05,270.0,270.0,242.0271,5398.0
619,2007-09-27,270.0,275.75,270.0,271.35,243.2372,1591.0
618,2007-09-26,270.05,274.0,270.0,270.0,242.0271,2722.0
617,2007-09-25,270.0,270.1,270.0,270.1,242.1167,1481.0
616,2007-09-24,270.0,272.0,270.0,270.0,242.0271,2362.0
615,2007-09-21,270.0,271.0,270.0,270.95,242.8786,1722.0
614,2007-09-20,270.0,273.0,270.0,271.4,243.282,10424.0
613,2007-09-19,270.0,270.05,270.0,270.0,242.0271,3354.0
612,2007-09-18,270.0,275.0,270.0,271.9,243.7302,957.0
611,2007-09-17,273.0,273.0,270.0,271.75,243.5957,1952.0
610,2007-09-14,270.0,272.9,270.0,270.05,242.0718,275.0
609,2007-09-13,270.0,270.0,270.0,270.0,242.0271,839.0
608,2007-09-12,270.0,271.0,270.0,270.0,242.0271,655.0
607,2007-09-11,270.0,274.9,270.0,270.0,242.0271,475.0
606,2007-09-10,270.0,271.0,270.0,270.0,242.0271,26055.0
605,2007-09-07,270.15,274.5,270.0,271.2,243.1027,2812.0
604,2007-09-06,287.8,287.8,270.0,274.7,246.2401,22093.0
603,2007-09-05,270.05,274.5,270.0,270.0,242.0271,17729.0
602,2007-09-04,269.75,273.0,269.75,270.0,242.0271,2177.0
601,2007-09-03,272.0,272.0,260.2,263.0,235.7523,1725.0
600,2007-08-31,267.0,275.0,265.0,271.0,242.9234,1909.0
599,2007-08-30,250.0,274.0,250.0,267.0,239.3379,2020.0
598,2007-08-29,250.0,259.95,250.0,255.45,228.9845,1064.0
597,2007-08-28,250.1,252.0,250.0,250.0,224.0991,676.0
596,2007-08-27,250.05,255.0,249.0,250.0,224.0991,8048.0
595,2007-08-24,250.0,254.0,250.0,250.05,224.144,339.0
594,2007-08-23,251.0,251.0,250.0,250.0,224.0991,602.0
593,2007-08-22,250.0,253.0,250.0,250.0,224.0991,2084.0
592,2007-08-21,250.0,251.25,250.0,250.05,224.144,1684.0
591,2007-08-20,255.0,255.0,250.0,250.0,224.0991,1421.0
590,2007-08-17,250.0,254.75,247.0,254.75,228.357,2210.0
589,2007-08-16,244.0,252.0,244.0,251.95,225.8471,161.0
588,2007-08-14,250.0,255.0,246.0,255.0,228.5811,712.0
587,2007-08-13,250.0,250.05,250.0,250.0,224.0991,5785.0
586,2007-08-10,250.0,256.9,250.0,256.9,230.2843,834.0
585,2007-08-09,253.85,253.85,245.0,246.9,219.5275,3504.0
584,2007-08-08,258.0,258.0,253.0,253.1,225.0401,1274.0
583,2007-08-07,260.0,260.5,255.25,258.0,229.3969,168.0
582,2007-08-06,260.2,260.2,257.0,257.1,228.5967,54.0
581,2007-08-03,253.0,260.0,253.0,260.0,231.1751,2176.0
580,2007-08-02,253.0,255.0,253.0,253.0,224.9512,1758.0
579,2007-08-01,253.0,260.8,253.0,253.0,224.9512,3267.0
578,2007-07-31,255.05,255.05,255.0,255.0,226.7295,695.0
577,2007-07-30,250.0,260.0,250.0,255.95,227.5742,499.0
576,2007-07-27,262.0,262.0,240.0,250.0,222.2838,401.0
575,2007-07-26,247.0,256.0,247.0,255.4,227.0852,3643.0
574,2007-07-25,244.0,250.0,240.05,242.2,215.3486,1069.0
573,2007-07-24,244.0,254.8,244.0,245.85,218.5939,5676.0
572,2007-07-23,245.0,248.0,245.0,247.0,219.6164,370.0
571,2007-07-20,235.55,248.75,235.55,244.85,217.7048,1756.0
570,2007-07-19,255.6,257.95,252.0,255.4,227.0852,846.0
569,2007-07-18,252.6,260.0,252.6,256.0,227.6186,578.0
568,2007-07-17,264.0,270.0,257.0,259.2,230.4639,4186.0
567,2007-07-16,255.0,264.0,255.0,261.25,232.2866,2501.0
566,2007-07-13,274.0,274.95,260.15,266.5,236.9545,6954.0
565,2007-07-12,265.0,286.9,265.0,271.2,241.1335,22073.0
564,2007-07-11,250.1,264.0,250.0,263.95,234.6873,7905.0
563,2007-07-10,256.0,257.6,251.0,254.9,226.6405,12714.0
562,2007-07-09,260.0,262.0,253.0,257.9,229.308,11226.0
561,2007-07-06,249.0,268.7,246.5,258.85,230.1527,4310.0
560,2007-07-05,249.0,251.0,245.0,250.25,222.5061,2334.0
559,2007-07-04,256.0,270.0,241.1,251.5,223.6175,10558.0
558,2007-07-03,250.0,269.9,240.0,257.5,228.9523,32854.0
557,2007-07-02,235.0,245.7,235.0,245.7,218.4606,7990.0
556,2007-06-29,218.0,233.75,208.0,223.35,198.5883,12826.0
555,2007-06-28,213.0,219.8,212.0,212.5,188.9412,77409.0
554,2007-06-27,213.1,213.1,210.1,210.9,187.5186,1119.0
553,2007-06-26,226.0,226.0,212.0,212.75,189.1635,41271.0
552,2007-06-25,213.0,213.95,208.15,212.15,188.63,1064.0
551,2007-06-22,212.0,217.0,210.4,212.05,188.5412,5146.0
550,2007-06-21,238.85,238.85,215.0,216.5,192.4978,3472.0
549,2007-06-20,218.6,220.0,218.5,218.5,194.2761,3384.0
548,2007-06-19,225.0,225.0,218.0,218.9,194.6317,1249.0
547,2007-06-18,226.0,226.0,215.05,220.0,195.6098,14183.0
546,2007-06-15,217.5,219.95,213.0,216.3,192.3199,2945.0
545,2007-06-14,215.0,216.0,213.25,215.5,191.6087,1443.0
544,2007-06-13,218.95,218.95,210.0,213.75,190.0527,1455.0
543,2007-06-12,209.0,214.0,209.0,213.6,189.9193,5497.0
542,2007-06-11,217.0,218.0,211.0,214.3,190.5417,7709.0
541,2007-06-08,208.0,215.0,208.0,214.65,190.8529,1706.0
540,2007-06-07,215.0,215.0,215.0,215.0,191.164,785.0
539,2007-06-06,216.0,218.0,216.0,216.3,192.3199,984.0
538,2007-06-05,215.5,217.75,215.0,215.0,191.164,1732.0
537,2007-06-04,220.0,220.0,215.3,217.7,193.5647,5834.0
536,2007-06-01,219.2,221.0,216.0,219.65,195.2985,14131.0
535,2007-05-31,219.0,220.2,216.8,217.0,192.9423,19808.0
534,2007-05-30,215.0,220.0,215.0,218.0,193.8315,4631.0
533,2007-05-29,215.1,220.05,215.0,219.7,195.343,10069.0
532,2007-05-28,219.9,221.85,213.0,215.15,191.2975,18792.0
531,2007-05-25,212.0,220.0,208.0,216.4,192.4089,43343.0
530,2007-05-24,213.75,213.75,208.0,212.95,189.3413,5152.0
529,2007-05-23,201.0,209.95,200.5,208.0,184.9401,52755.0
528,2007-05-22,199.5,201.0,197.1,199.1,177.0268,3110.0
527,2007-05-21,192.0,201.0,192.0,199.65,177.5158,10563.0
526,2007-05-18,182.0,194.0,180.25,192.2,170.8918,8340.0
525,2007-05-17,180.5,182.2,180.0,180.15,160.1777,832.0
524,2007-05-16,180.0,182.0,178.35,181.2,161.1113,6462.0
523,2007-05-15,170.0,173.0,170.0,172.7,153.5537,7528.0
522,2007-05-14,170.0,170.0,170.0,170.0,151.153,3346.0
521,2007-05-11,170.0,170.0,170.0,170.0,151.153,2352.0
520,2007-05-10,173.5,173.8,170.0,170.0,151.153,1966.0
519,2007-05-09,170.0,171.0,170.0,170.0,151.153,3125.0
518,2007-05-08,170.0,179.9,170.0,173.8,154.5317,5113.0
517,2007-05-07,170.0,171.0,170.0,170.35,151.4642,2229.0
516,2007-05-04,171.0,171.0,170.0,170.0,151.153,5437.0
515,2007-05-03,171.5,171.5,170.0,171.0,152.0421,3968.0
514,2007-04-30,170.0,171.0,170.0,171.0,152.0421,2940.0
513,2007-04-27,170.0,171.0,170.0,170.0,151.153,8620.0
512,2007-04-26,170.0,170.5,170.0,170.05,151.1975,7184.0
511,2007-04-25,170.05,171.0,170.0,170.0,151.153,3397.0
510,2007-04-24,170.0,170.0,170.0,170.0,151.153,21090.0
509,2007-04-23,170.0,170.05,170.0,170.0,151.153,3885.0
508,2007-04-20,170.0,170.05,170.0,170.0,151.153,5064.0
507,2007-04-19,170.0,173.0,170.0,170.0,151.153,4524.0
506,2007-04-18,170.0,170.0,170.0,170.0,151.153,2250.0
505,2007-04-17,170.0,171.0,170.0,170.9,151.9532,3984.0
504,2007-04-16,170.0,170.0,170.0,170.0,151.153,1275.0
503,2007-04-13,170.0,170.0,170.0,170.0,151.153,2250.0
502,2007-04-12,170.0,171.0,170.0,170.0,151.153,1133.0
501,2007-04-11,170.0,171.0,170.0,170.0,151.153,1213.0
500,2007-04-10,170.0,170.05,170.0,170.0,151.153,1124.0
499,2007-04-09,170.0,170.25,170.0,170.05,151.1975,1908.0
498,2007-04-05,167.5,170.0,165.2,170.0,151.153,133.0
497,2007-04-04,162.0,174.8,160.5,167.35,148.7968,1462.0
496,2007-04-03,160.0,168.9,160.0,160.65,142.8396,9238.0
495,2007-04-02,160.5,162.0,160.0,161.5,143.5953,3467.0
494,2007-03-30,161.0,161.0,160.0,160.0,142.2616,578.0
493,2007-03-29,174.95,174.95,160.0,160.0,142.2616,710.0
492,2007-03-28,160.0,161.9,160.0,160.6,142.7951,3528.0
491,2007-03-26,160.0,160.05,160.0,160.05,142.3061,600.0
490,2007-03-23,160.05,160.05,160.05,160.05,142.3061,170.0
489,2007-03-22,160.05,163.8,160.0,160.2,142.4395,3256.0
488,2007-03-21,160.05,160.05,160.0,160.0,142.2616,3268.0
487,2007-03-20,160.0,160.0,160.0,160.0,142.2616,644.0
486,2007-03-19,160.0,160.0,160.0,160.0,142.2616,3838.0
485,2007-03-16,160.0,160.0,160.0,160.0,142.2616,2701.0
484,2007-03-15,160.0,160.05,160.0,160.0,142.2616,366.0
483,2007-03-14,160.0,160.25,160.0,160.0,142.2616,1671.0
482,2007-03-13,160.3,160.3,160.0,160.0,142.2616,5473.0
481,2007-03-12,160.0,160.05,160.0,160.0,142.2616,3681.0
480,2007-03-09,162.95,162.95,160.0,160.0,142.2616,3836.0
479,2007-03-08,160.0,160.0,160.0,160.0,142.2616,7373.0
478,2007-03-07,160.05,163.0,160.0,161.75,143.8176,3787.0
477,2007-03-06,160.0,162.5,160.0,160.05,142.3061,5268.0
476,2007-03-05,160.0,160.9,160.0,160.0,142.2616,6672.0
475,2007-03-02,160.0,161.0,160.0,160.0,142.2616,17157.0
474,2007-03-01,160.0,160.0,160.0,160.0,142.2616,6232.0
473,2007-02-28,160.5,162.5,160.0,160.0,142.2616,3490.0
472,2007-02-27,160.0,160.0,160.0,160.0,142.2616,10380.0
471,2007-02-26,160.0,160.05,160.0,160.0,142.2616,11137.0
470,2007-02-23,160.0,161.95,160.0,160.0,142.2616,18802.0
469,2007-02-22,160.0,162.45,160.0,160.0,142.2616,7859.0
468,2007-02-21,160.5,160.5,160.0,160.0,142.2616,10083.0
467,2007-02-20,160.25,164.0,160.0,162.9,144.8401,12217.0
466,2007-02-19,161.0,161.0,160.0,160.0,142.2616,8733.0
465,2007-02-15,160.25,162.95,160.0,160.15,142.395,8963.0
464,2007-02-14,160.1,162.0,160.0,160.15,142.395,18356.0
463,2007-02-13,160.05,163.5,160.0,160.0,142.2616,18300.0
462,2007-02-12,160.05,161.7,152.8,160.0,142.2616,20207.0
461,2007-02-09,160.05,160.05,160.0,160.0,142.2616,11802.0
460,2007-02-08,162.95,162.95,160.0,160.0,142.2616,9723.0
459,2007-02-07,162.0,163.05,160.0,160.0,142.2616,6511.0
458,2007-02-06,160.05,162.9,160.0,160.1,142.3506,10819.0
457,2007-02-05,161.0,162.35,160.0,160.1,142.3506,2564.0
456,2007-02-02,184.0,184.0,160.65,161.25,143.373,4750.0
455,2007-02-01,160.25,160.25,160.0,160.0,142.2616,17120.0
454,2007-01-31,161.0,162.0,160.0,160.0,142.2616,2496.0
453,2007-01-29,132.0,162.0,132.0,160.1,142.3506,6095.0
452,2007-01-25,160.0,161.8,160.0,160.1,142.3506,7471.0
451,2007-01-24,160.5,163.0,160.0,160.0,142.2616,5050.0
450,2007-01-23,160.0,160.0,160.0,160.0,142.2616,485.0
449,2007-01-22,160.0,163.0,160.0,160.5,142.7062,245.0
448,2007-01-19,160.0,161.8,160.0,160.0,142.2616,1754.0
447,2007-01-18,174.8,174.8,160.0,160.0,142.2616,19204.0
446,2007-01-17,160.5,162.5,160.0,160.0,142.2616,2499.0
445,2007-01-16,160.0,160.05,160.0,160.0,142.2616,3190.0
444,2007-01-15,160.0,161.0,160.0,160.0,142.2616,6147.0
443,2007-01-12,160.1,163.5,160.0,160.0,142.2616,3150.0
442,2007-01-11,161.0,164.15,160.0,163.1,145.018,2215.0
441,2007-01-10,161.0,164.0,161.0,164.0,145.8182,1919.0
440,2007-01-09,163.0,165.0,161.05,163.0,144.929,3405.0
439,2007-01-08,160.5,163.95,160.0,162.15,144.1733,5883.0
438,2007-01-05,160.0,162.35,160.0,160.0,142.2616,1622.0
437,2007-01-04,160.5,160.9,160.0,160.15,142.395,1624.0
436,2007-01-03,160.5,160.7,160.0,160.0,142.2616,10965.0
435,2007-01-02,161.85,164.0,160.0,160.1,142.3506,3985.0
434,2006-12-29,150.1,162.0,150.1,160.0,142.2616,23440.0
433,2006-12-28,160.1,160.9,160.0,160.0,142.2616,3889.0
432,2006-12-27,162.0,162.0,160.0,160.0,142.2616,10475.0
431,2006-12-26,157.0,162.0,155.05,160.15,142.395,7943.0
430,2006-12-22,155.0,157.0,155.0,155.05,137.8604,4809.0
429,2006-12-21,153.0,156.0,153.0,155.15,137.9493,4192.0
428,2006-12-20,150.8,156.0,150.75,154.65,137.5048,3858.0
427,2006-12-19,153.0,153.5,150.0,152.45,135.5487,8342.0
426,2006-12-18,150.0,155.0,150.0,150.9,134.1705,15177.0
425,2006-12-15,154.7,154.7,146.1,146.2,129.9916,797.0
424,2006-12-14,142.25,146.1,142.25,145.0,128.9246,1692.0
423,2006-12-13,140.0,145.25,140.0,145.0,128.0355,52297.0
422,2006-12-12,145.5,145.5,134.0,141.0,124.5035,5921.0
421,2006-12-11,145.0,147.25,142.2,146.65,129.4924,60577.0
420,2006-12-08,143.1,145.5,143.1,144.9,127.9472,23883.0
419,2006-12-07,140.0,145.0,140.0,143.35,126.5785,29383.0
418,2006-12-06,140.0,140.3,139.5,140.0,123.6205,1395.0
417,2006-12-05,143.0,143.0,138.0,139.95,123.5763,3916.0
416,2006-12-04,143.0,144.0,139.65,140.85,124.371,12102.0
415,2006-12-01,148.5,148.5,140.1,142.1,125.4748,20566.0
414,2006-11-30,146.0,146.1,142.2,142.4,125.7397,4614.0
413,2006-11-29,145.0,145.05,141.55,144.7,127.7706,30408.0
412,2006-11-28,148.0,148.0,144.5,145.15,128.1679,15208.0
411,2006-11-27,147.0,149.0,146.95,147.2,129.9781,16554.0
410,2006-11-24,150.5,151.0,145.85,150.0,132.4505,58851.0
409,2006-11-23,148.9,151.0,147.0,150.25,132.6712,117819.0
408,2006-11-22,146.55,154.5,146.55,149.7,132.1856,75795.0
407,2006-11-21,156.1,157.0,149.05,149.8,132.2739,84795.0
406,2006-11-20,156.0,159.0,140.5,155.1,136.9538,20813.0
405,2006-11-17,154.9,161.1,146.0,155.6,137.3953,14626.0
404,2006-11-16,140.0,151.0,140.0,150.75,133.1128,6098.0
403,2006-11-15,150.0,150.5,148.05,148.65,131.2584,8621.0
402,2006-11-14,155.0,155.0,149.0,149.7,132.1856,3553.0
401,2006-11-13,160.0,161.5,154.0,154.7,136.6006,4514.0
400,2006-11-10,159.1,162.0,154.5,157.15,138.764,6623.0
399,2006-11-09,160.0,160.0,151.0,154.65,136.5564,7684.0
398,2006-11-08,145.0,158.0,145.0,155.6,137.3953,11203.0
397,2006-11-07,146.9,153.8,137.15,149.85,132.3181,9319.0
396,2006-11-06,135.0,152.0,130.2,143.5,126.711,21409.0
395,2006-11-03,130.2,137.25,130.0,133.8,118.1459,4916.0
394,2006-11-02,108.0,132.4,108.0,132.0,116.5564,2662.0
393,2006-11-01,135.0,135.0,126.1,130.35,115.0995,7637.0
392,2006-10-31,136.0,136.05,134.0,135.0,119.2054,1533.0
391,2006-10-30,137.0,142.0,137.0,138.95,122.6933,6878.0
390,2006-10-27,133.0,137.0,132.05,135.95,120.0443,982.0
389,2006-10-26,130.0,134.95,127.55,133.35,117.7485,2410.0
388,2006-10-23,131.0,131.95,130.0,130.0,114.7904,7466.0
387,2006-10-20,130.1,133.0,128.1,128.1,113.1127,966.0
386,2006-10-19,136.5,139.75,132.45,133.15,117.5719,3276.0
385,2006-10-18,135.0,136.5,133.0,136.5,120.53,6741.0
384,2006-10-17,137.0,138.0,135.0,135.35,119.5145,2361.0
383,2006-10-16,129.0,136.8,129.0,135.1,119.2938,3812.0
382,2006-10-13,138.9,138.9,133.0,133.8,118.1459,4718.0
381,2006-10-12,125.3,140.0,125.0,135.55,119.6911,13259.0
380,2006-10-11,129.3,131.45,125.25,128.65,113.5984,4677.0
379,2006-10-10,142.2,144.9,130.95,132.55,117.0421,9969.0
378,2006-10-09,110.1,138.0,110.1,136.75,120.7507,13998.0
377,2006-10-06,109.0,115.0,109.0,115.0,101.5454,4460.0
376,2006-10-05,110.25,111.0,106.0,110.6,97.6602,8278.0
375,2006-10-04,111.0,111.05,111.0,111.05,98.0575,1150.0
374,2006-10-03,113.5,113.5,112.5,112.5,99.3379,123.0
373,2006-09-29,115.0,116.95,114.25,115.1,101.6337,515.0
372,2006-09-28,110.05,113.85,110.0,113.5,100.2209,8841.0
371,2006-09-27,113.0,115.0,112.0,113.05,99.8235,3726.0
370,2006-09-26,110.3,112.0,110.0,111.85,98.7639,12311.0
369,2006-09-25,110.3,111.45,110.0,110.25,97.3511,24700.0
368,2006-09-22,111.0,111.9,110.0,110.45,97.5277,2917.0
367,2006-09-21,115.0,115.0,110.3,111.2,96.424,5634.0
366,2006-09-20,105.1,118.0,105.1,112.7,97.7246,4174.0
365,2006-09-19,113.2,114.9,113.0,113.3,98.2449,728.0
364,2006-09-18,115.05,116.0,113.25,115.3,99.9791,1045.0
363,2006-09-15,114.25,117.5,114.25,116.7,101.1931,1907.0
362,2006-09-14,113.55,115.0,113.5,114.0,98.8519,1780.0
361,2006-09-13,116.0,116.0,108.0,113.25,98.2016,1348.0
360,2006-09-12,104.5,118.0,104.05,115.0,99.719,4949.0
359,2006-09-11,118.0,118.0,112.1,112.7,97.7246,36503.0
358,2006-09-08,116.0,116.0,111.8,112.75,97.768,1232.0
357,2006-09-07,110.0,114.0,110.0,112.55,97.5946,1863.0
356,2006-09-06,118.0,118.0,110.0,110.15,95.5135,2615.0
355,2006-09-05,110.05,111.9,105.0,107.75,93.4324,1850.0
354,2006-09-04,110.0,115.0,108.0,110.4,95.7303,9255.0
353,2006-09-01,122.95,122.95,101.5,105.5,91.4814,2717.0
352,2006-08-31,109.55,114.3,109.55,111.0,96.2505,2400.0
351,2006-08-30,109.65,116.95,109.0,110.25,95.6002,1847.0
350,2006-08-29,110.0,115.0,106.1,115.0,99.719,628.0
349,2006-08-28,112.0,117.5,112.0,117.5,101.8868,1156.0
348,2006-08-25,115.0,119.0,114.9,115.5,100.1526,900.0
347,2006-08-24,112.5,116.0,112.5,115.35,100.0225,265.0
346,2006-08-23,120.0,120.0,114.0,118.0,102.3204,120.0
345,2006-08-22,120.0,124.0,117.0,120.0,104.0546,3081.0
344,2006-08-21,127.0,127.0,120.0,120.05,104.098,1847.0
343,2006-08-18,112.05,124.9,112.05,120.4,104.4015,660.0
342,2006-08-17,125.0,125.0,118.1,121.7,105.5287,1722.0
341,2006-08-16,117.0,134.9,112.05,124.45,107.9133,3577.0
340,2006-08-14,117.5,123.0,117.5,118.85,103.0574,1018.0
339,2006-08-11,115.0,123.95,108.05,118.9,103.1008,1946.0
338,2006-08-10,104.2,114.0,104.2,112.8,97.8114,1831.0
337,2006-08-09,108.0,110.0,105.0,108.0,93.6492,1644.0
336,2006-08-08,107.4,107.4,105.9,105.95,91.8716,676.0
335,2006-08-07,104.95,109.0,104.95,109.0,94.5163,797.0
334,2006-08-04,96.15,108.0,96.15,108.0,93.6492,309.0
333,2006-08-03,108.5,109.0,106.1,106.1,92.0016,2402.0
332,2006-08-02,106.0,109.8,106.0,106.95,92.7387,699.0
331,2006-08-01,105.0,107.0,103.0,103.05,89.3569,2379.0
330,2006-07-31,102.5,105.0,102.5,104.7,90.7877,1538.0
329,2006-07-28,103.0,103.0,100.95,102.2,88.6199,1883.0
328,2006-07-27,99.0,103.0,99.0,102.4,88.7933,2068.0
327,2006-07-26,101.9,102.5,99.05,101.45,87.9695,999.0
326,2006-07-25,98.0,100.0,97.55,99.9,86.6255,265.0
325,2006-07-24,96.5,98.9,96.0,97.65,84.6745,939.0
324,2006-07-21,105.0,105.0,96.5,97.0,84.1108,903.0
323,2006-07-20,95.25,98.0,95.0,96.0,83.2437,1764.0
322,2006-07-19,90.15,98.45,90.15,97.9,84.8912,1906.0
321,2006-07-18,100.5,100.5,98.0,98.15,85.108,1130.0
320,2006-07-17,102.0,102.0,100.0,100.05,86.7555,6475.0
319,2006-07-14,98.0,103.0,98.0,103.0,89.3136,2442.0
318,2006-07-13,100.1,100.1,100.0,100.0,86.7122,1001.0
317,2006-07-12,103.0,103.0,98.55,100.2,86.8856,2199.0
316,2006-07-11,95.15,98.0,95.15,96.55,83.7206,867.0
315,2006-07-10,95.2,101.0,95.2,99.0,85.8451,150.0
314,2006-07-07,96.25,104.9,96.1,99.1,85.9318,2402.0
313,2006-07-06,100.05,102.0,97.5,98.25,85.1948,783.0
312,2006-07-05,100.0,102.1,100.0,100.9,87.4926,1905.0
311,2006-07-04,100.25,105.0,100.2,105.0,91.0478,9223.0
310,2006-07-03,112.0,112.0,102.2,104.55,90.6576,3795.0
309,2006-06-30,101.8,107.85,98.0,103.2,89.487,4575.0
308,2006-06-29,101.0,101.0,94.0,95.95,83.2003,1789.0
307,2006-06-28,94.85,101.5,94.75,99.45,86.2353,1553.0
306,2006-06-27,105.0,105.0,90.0,91.05,78.9515,14881.0
305,2006-06-26,119.0,119.6,100.5,100.95,87.536,2176.0
304,2006-06-23,98.55,118.9,98.55,110.15,95.5135,2127.0
303,2006-06-22,106.0,109.9,106.0,106.7,92.5219,1856.0
302,2006-06-21,102.3,107.0,102.3,104.55,90.6576,1523.0
301,2006-06-20,98.55,101.85,98.55,100.0,86.7122,1350.0
300,2006-06-19,98.0,98.0,94.0,94.8,82.2032,2378.0
299,2006-06-16,101.0,106.5,98.0,98.0,84.978,2089.0
298,2006-06-15,83.1,93.0,83.1,92.5,80.2088,7031.0
297,2006-06-14,90.1,91.0,81.15,82.75,71.7543,3432.0
296,2006-06-13,96.0,96.0,87.1,87.1,75.5263,4510.0
295,2006-06-12,105.0,105.0,97.0,99.35,86.1486,1102.0
294,2006-06-09,91.1,105.95,91.1,101.75,88.2297,4014.0
293,2006-06-08,106.3,114.8,90.1,90.55,78.5179,3157.0
292,2006-06-07,113.0,124.0,106.0,112.6,97.6379,7323.0
291,2006-06-06,122.55,122.55,111.25,118.55,102.7973,1596.0
290,2006-06-05,132.5,145.0,125.3,128.7,111.5986,3406.0
289,2006-06-02,122.15,143.95,122.15,130.0,112.7258,7290.0
288,2006-06-01,150.0,154.5,129.0,139.8,121.2236,3887.0
287,2006-05-31,145.05,151.0,145.05,148.95,129.1578,2707.0
286,2006-05-30,156.0,162.9,155.1,155.9,135.1843,3737.0
285,2006-05-29,156.1,166.9,151.0,152.25,132.0193,6340.0
284,2006-05-26,158.0,168.95,158.0,160.05,138.7829,7143.0
283,2006-05-25,151.05,160.0,151.0,156.6,135.7913,1972.0
282,2006-05-24,160.0,161.5,142.1,156.75,135.9214,5585.0
281,2006-05-23,154.0,173.9,151.15,159.8,138.5661,8199.0
280,2006-05-22,148.0,174.9,140.0,167.9,145.5897,6157.0
279,2006-05-19,187.95,187.95,143.0,158.4,137.3521,22599.0
278,2006-05-18,189.95,195.0,170.0,176.5,153.047,10023.0
277,2006-05-17,184.0,191.0,172.4,178.15,154.4778,8391.0
276,2006-05-16,179.0,180.0,151.4,163.65,141.9045,4207.0
275,2006-05-15,199.0,200.0,175.1,178.75,154.998,7497.0
274,2006-05-12,155.15,199.5,155.15,193.1,167.4413,13643.0
273,2006-05-11,174.45,174.45,167.5,168.7,146.2835,2762.0
272,2006-05-10,170.0,172.25,168.1,171.2,148.4512,4845.0
271,2006-05-09,170.0,174.0,166.0,171.4,148.6247,10069.0
270,2006-05-08,166.0,170.0,160.05,167.75,145.4597,9792.0
269,2006-05-05,170.7,170.7,162.0,165.1,143.1618,4305.0
268,2006-05-04,151.35,170.0,151.35,160.0,138.7395,7245.0
267,2006-05-03,173.0,173.5,157.55,160.05,138.7829,1719.0
266,2006-05-02,161.0,170.0,151.3,169.85,147.2807,11273.0
265,2006-04-28,170.0,170.0,165.0,169.5,146.9772,2657.0
264,2006-04-27,169.0,171.0,165.0,170.0,147.4108,12452.0
263,2006-04-26,177.0,178.0,166.0,169.1,146.6303,9849.0
262,2006-04-25,156.0,175.0,156.0,165.8,143.7688,13314.0
261,2006-04-24,152.0,158.0,150.2,155.0,134.4039,14782.0
260,2006-04-21,148.0,150.0,140.25,149.75,129.8515,10499.0
259,2006-04-20,148.0,148.0,144.0,145.0,125.7327,3187.0
258,2006-04-19,148.0,150.0,148.0,150.0,130.0683,22325.0
257,2006-04-18,145.1,151.0,141.9,149.95,130.0249,23456.0
256,2006-04-17,142.0,148.0,142.0,147.0,127.4669,8532.0
255,2006-04-13,149.0,149.0,143.0,143.75,124.6487,2415.0
254,2006-04-12,158.0,158.0,150.1,150.5,130.5018,1739.0
253,2006-04-10,158.0,161.95,157.0,158.3,137.2654,4724.0
252,2006-04-07,166.0,166.0,158.0,159.15,138.0025,4447.0
251,2006-04-05,160.15,168.85,158.0,160.85,139.4765,2788.0
250,2006-04-04,164.5,166.7,155.0,165.0,143.0751,19180.0
249,2006-04-03,164.7,167.0,163.0,164.35,142.5115,44334.0
248,2006-03-31,157.0,163.8,157.0,158.55,137.4822,8146317.0
247,2006-03-30,151.05,164.4,151.05,157.95,136.9619,79836.0
246,2006-03-29,145.9,151.05,142.0,149.95,130.0249,9249.0
245,2006-03-28,142.1,146.0,141.2,145.9,126.5131,13029.0
244,2006-03-27,144.0,148.0,144.0,147.0,127.4669,10666.0
243,2006-03-24,145.0,148.5,140.0,143.3,124.2586,2126.0
242,2006-03-23,148.8,151.05,144.0,144.95,125.6893,3256.0
241,2006-03-22,147.0,163.0,145.25,146.85,127.3369,23230.0
240,2006-03-21,142.5,149.0,140.0,145.5,126.1663,5164.0
239,2006-03-20,146.7,149.0,138.0,141.65,122.8278,5761.0
238,2006-03-17,146.2,150.1,146.1,146.6,127.1201,5701.0
237,2006-03-16,148.0,151.0,145.0,149.85,129.9382,7529.0
236,2006-03-14,149.0,152.0,142.4,145.7,126.3397,3760.0
235,2006-03-13,142.0,147.6,142.0,146.55,127.0767,3495.0
234,2006-03-10,142.7,148.5,140.05,144.6,125.3858,5378.0
233,2006-03-09,155.15,155.15,142.5,142.65,123.695,496.0
232,2006-03-08,155.15,155.15,142.0,146.45,126.99,2324.0
231,2006-03-07,144.0,152.5,144.0,146.95,127.4236,1686.0
230,2006-03-06,149.0,151.0,146.5,150.0,130.0683,22566.0
229,2006-03-03,140.75,151.0,140.75,146.5,127.0334,6115.0
228,2006-03-02,157.0,157.0,140.0,149.8,129.8949,28179.0
227,2006-03-01,136.0,163.4,132.0,150.7,130.6753,23160.0
226,2006-02-28,135.0,137.0,135.0,136.15,118.0587,1216.0
225,2006-02-27,137.0,137.3,136.0,137.0,118.7957,8576.0
224,2006-02-24,135.0,136.05,135.0,136.0,117.9286,4507.0
223,2006-02-23,135.0,136.0,133.0,135.0,117.0615,5382.0
222,2006-02-22,136.6,137.0,135.0,135.05,117.1048,2185.0
221,2006-02-21,132.6,139.0,130.0,135.0,117.0615,6166.0
220,2006-02-20,135.0,137.0,130.0,135.05,117.1048,7680.0
219,2006-02-17,139.5,139.5,129.0,135.05,117.1048,4919.0
218,2006-02-16,142.0,142.0,135.0,135.45,117.4517,1193.0
217,2006-02-15,143.05,143.05,138.0,140.4,121.7439,1933.0
216,2006-02-14,142.0,146.45,142.0,145.45,126.1229,16653.0
215,2006-02-13,148.3,148.3,142.2,142.55,123.6083,1020.0
214,2006-02-10,146.0,148.8,141.0,142.8,123.825,1597.0
213,2006-02-08,139.15,148.9,139.0,147.8,128.1606,9621.0
212,2006-02-07,148.1,152.0,144.0,145.8,126.4264,1357.0
211,2006-02-06,153.0,153.0,148.1,148.45,128.7243,1336.0
210,2006-02-03,158.9,165.0,147.6,149.2,129.3746,9439.0
209,2006-02-02,154.95,155.0,150.2,152.5,132.2361,8904.0
208,2006-02-01,150.05,158.0,150.05,152.0,131.8025,14451.0
207,2006-01-31,155.0,156.0,151.05,153.2,132.8431,19897.0
206,2006-01-30,150.0,158.9,149.05,153.0,132.6697,6887.0
205,2006-01-27,155.0,157.05,154.5,157.0,136.1381,2644.0
204,2006-01-25,157.5,158.0,142.25,149.15,129.3312,7786.0
203,2006-01-24,154.5,158.8,153.75,157.4,136.485,2579.0
202,2006-01-23,155.3,157.0,155.3,155.6,134.9242,1026.0
201,2006-01-20,155.2,157.05,155.0,157.05,136.1815,2465.0
200,2006-01-19,155.05,157.9,154.5,156.7,135.878,1721.0
199,2006-01-18,156.1,156.1,152.0,154.9,134.3172,28412.0
198,2006-01-17,155.5,158.95,155.5,158.0,137.0053,7289.0
197,2006-01-16,155.85,158.9,151.25,156.15,135.4011,7088.0
196,2006-01-13,158.9,159.0,150.5,151.75,131.5858,9323.0
195,2006-01-12,162.0,162.0,155.6,157.4,136.485,13987.0
194,2006-01-10,165.5,167.25,162.1,163.85,142.078,10929.0
193,2006-01-09,166.2,170.5,166.2,170.0,147.4108,4429.0
192,2006-01-06,171.5,172.0,166.0,170.0,147.4108,41716.0
191,2006-01-05,166.0,171.0,162.1,168.5,146.1101,11160.0
190,2006-01-04,168.9,172.0,165.0,170.0,147.4108,19537.0
189,2006-01-03,160.0,171.0,157.1,168.15,145.8065,20060.0
188,2006-01-02,157.95,159.0,152.5,156.7,135.878,5037.0
187,2005-12-30,161.0,161.0,155.0,157.05,136.1815,3157.0
186,2005-12-29,157.0,163.05,157.0,160.45,139.1297,7485.0
185,2005-12-28,165.0,165.0,155.0,159.05,137.9157,5286.0
184,2005-12-27,162.0,166.0,162.0,165.0,143.0751,9285.0
183,2005-12-26,158.1,164.5,158.1,163.2,141.5143,9590.0
182,2005-12-23,170.75,170.75,165.0,165.65,143.6387,21226.0
181,2005-12-22,167.4,174.95,165.0,169.35,146.8471,44141.0
180,2005-12-21,170.5,170.5,163.0,166.55,144.4192,24069.0
179,2005-12-20,168.0,172.45,160.7,163.55,141.8178,96432.0
178,2005-12-19,150.0,164.35,142.0,164.35,142.5115,70150.0
177,2005-12-16,145.5,150.4,141.15,149.4,129.548,24369.0
176,2005-12-15,141.25,147.9,140.0,145.35,126.0362,13218.0
175,2005-12-14,150.0,150.0,138.5,140.8,121.2237,14042.0
174,2005-12-13,150.9,150.9,145.0,147.4,126.906,14467.0
173,2005-12-12,150.0,152.75,143.05,149.95,129.1014,34728.0
172,2005-12-09,151.5,152.1,149.0,150.4,129.4889,51728.0
171,2005-12-08,150.0,158.75,148.0,150.85,129.8763,185574.0
170,2005-12-07,150.0,154.5,146.0,151.65,130.5651,172993.0
169,2005-12-06,144.0,153.95,139.0,147.2,126.7339,196082.0
168,2005-12-05,140.0,143.9,135.5,139.95,120.4918,102300.0
167,2005-12-02,138.75,138.75,136.0,137.0,117.952,43431.0
166,2005-12-01,135.0,138.0,135.0,136.0,117.091,33905.0
165,2005-11-30,139.1,139.5,134.15,134.95,116.187,24356.0
164,2005-11-29,138.0,142.0,136.95,139.3,119.9322,79437.0
163,2005-11-28,141.0,144.0,134.1,138.0,118.813,100154.0
162,2005-11-25,139.0,141.5,132.25,134.1,115.4552,38826.0
161,2005-11-24,134.0,142.5,134.0,138.95,119.6309,188039.0
160,2005-11-23,132.0,137.95,132.0,135.15,116.3592,81829.0
159,2005-11-22,131.7,135.5,131.0,131.8,113.475,74622.0
158,2005-11-21,137.0,138.0,130.3,132.75,114.2929,47391.0
157,2005-11-18,139.6,141.35,134.3,137.35,118.2533,157388.0
156,2005-11-17,134.0,141.0,131.0,137.75,118.5977,185126.0
155,2005-11-16,132.8,142.8,125.3,134.55,115.8426,231824.0
154,2005-11-14,139.1,140.0,128.0,130.95,112.7432,159762.0
153,2005-11-11,131.1,147.5,128.0,139.35,119.9753,742290.0
152,2005-11-10,113.9,127.8,110.1,124.4,107.1039,356174.0
151,2005-11-09,95.0,109.5,93.0,106.5,91.6926,112052.0
150,2005-11-08,93.0,93.5,90.05,92.0,79.2086,45973.0
149,2005-11-07,89.95,94.95,89.1,90.95,78.3046,13739.0
148,2005-11-04,0.0,0.0,0.0,0.0,0.0,0.0
147,2005-11-02,89.25,89.7,87.55,88.45,76.1522,1560.0
146,2005-10-31,85.0,89.0,85.0,87.15,75.033,6444.0
145,2005-10-28,89.5,93.5,86.2,87.9,75.6787,72262.0
144,2005-10-27,88.05,95.75,88.05,92.1,79.2947,85542.0
143,2005-10-26,85.5,89.7,83.25,88.3,76.0231,69342.0
142,2005-10-25,83.2,87.45,83.2,85.65,73.7415,244271.0
141,2005-10-24,83.55,88.5,82.1,85.15,73.311,11125.0
140,2005-10-21,81.5,85.0,81.25,84.45,72.7084,21655.0
139,2005-10-20,86.0,91.85,82.05,83.1,71.5461,47532.0
138,2005-10-19,83.25,87.0,81.65,84.7,72.9236,28735.0
137,2005-10-18,96.0,96.0,87.1,87.8,75.5926,93858.0
136,2005-10-17,82.0,95.8,81.7,93.6,80.5862,263769.0
135,2005-10-14,82.0,82.0,80.0,81.1,69.8241,20218.0
134,2005-10-13,82.95,83.9,82.5,82.7,71.2017,7796.0
133,2005-10-11,81.05,83.5,81.0,82.25,70.8142,5906.0
132,2005-10-10,84.7,85.1,81.0,81.5,70.1685,16061.0
131,2005-10-07,85.0,88.0,82.75,83.8,72.1488,17463.0
130,2005-10-06,87.0,88.0,81.75,86.0,74.0428,7005.0
129,2005-10-05,89.0,90.3,87.0,87.5,75.3343,6456.0
128,2005-10-04,91.0,94.7,82.0,89.0,76.6258,33910.0
127,2005-10-03,92.95,92.95,86.2,89.75,77.2715,27278.0
126,2005-09-30,85.2,91.75,83.0,86.2,74.215,10963.0
125,2005-09-29,92.0,95.0,89.0,89.65,77.1854,18982.0
124,2005-09-28,83.0,95.0,83.0,90.95,78.3046,31517.0
123,2005-09-27,86.85,89.95,82.5,84.05,72.364,16486.0
122,2005-09-26,84.75,87.25,83.5,86.7,74.6455,7182.0
121,2005-09-23,75.55,86.6,75.55,82.8,71.2878,19633.0
120,2005-09-22,94.9,97.9,77.0,81.95,70.5559,20460.0
119,2005-09-21,98.5,105.0,80.15,93.05,80.1126,58325.0
118,2005-09-20,99.5,100.8,94.1,95.1,81.8776,29959.0
117,2005-09-19,99.0,101.45,95.5,96.3,82.9108,17504.0
116,2005-09-16,98.8,100.0,95.05,98.3,84.6327,39845.0
115,2005-09-15,94.0,103.0,93.35,97.75,84.1592,127357.0
114,2005-09-14,82.0,98.85,82.0,93.5,80.5001,156169.0
113,2005-09-13,82.85,83.0,78.5,82.35,70.9004,15155.0
112,2005-09-12,77.9,81.75,77.9,79.7,68.6188,14051.0
111,2005-09-09,74.1,76.8,74.0,75.8,65.261,7558.0
110,2005-09-08,77.0,77.9,75.55,76.5,65.8637,3244.0
109,2005-09-06,77.0,79.0,74.6,76.4,65.7776,4481.0
108,2005-09-05,80.3,82.0,76.7,76.85,66.165,9159.0
107,2005-09-02,80.5,80.5,72.55,77.05,66.3372,11522.0
106,2005-09-01,77.5,81.45,77.5,78.8,67.8439,32564.0
105,2005-08-31,69.15,77.5,69.15,74.4,64.0557,15969.0
104,2005-08-30,70.9,70.9,69.6,69.9,60.1813,1703.0
103,2005-08-29,70.0,71.25,69.4,70.95,59.7939,3341.0
102,2005-08-26,70.8,70.8,69.35,69.75,58.7826,1556.0
101,2005-08-25,79.0,79.0,68.1,70.15,59.1197,10686.0
100,2005-08-24,69.0,70.0,67.5,69.4,58.4876,10951.0
99,2005-08-23,70.0,70.7,68.5,69.65,58.6983,12169.0
98,2005-08-22,70.1,72.0,70.1,70.6,59.4989,5838.0
97,2005-08-19,69.5,71.1,69.0,70.6,59.4989,10745.0
96,2005-08-18,73.0,73.5,63.5,68.45,57.687,22253.0
95,2005-08-17,74.6,74.6,71.0,72.15,60.8052,7690.0
94,2005-08-16,73.8,74.9,71.0,71.95,60.6367,15835.0
93,2005-08-12,69.9,73.7,69.0,72.8,61.353,21220.0
92,2005-08-11,65.1,70.35,65.1,69.95,58.9512,54079.0
91,2005-08-10,64.0,65.5,63.0,65.1,54.8638,10454.0
90,2005-08-09,62.5,64.5,62.0,63.4,53.4311,12952.0
89,2005-08-08,62.0,63.45,61.4,63.25,53.3046,7636.0
88,2005-08-05,61.0,62.95,61.0,62.0,52.2512,4253.0
87,2005-08-04,62.75,63.4,61.55,62.6,52.7569,13363.0
86,2005-08-03,61.5,63.0,60.05,61.65,51.9562,12110.0
85,2005-08-02,60.75,62.7,60.0,61.4,51.7455,5921.0
84,2005-08-01,65.0,65.0,60.65,61.15,51.5349,9060.0
83,2005-07-29,59.0,65.0,59.0,64.2,54.1053,60075.0
82,2005-07-28,0.0,0.0,0.0,0.0,0.0,0.0
81,2005-07-27,58.15,59.0,58.15,59.0,49.7229,3650.0
80,2005-07-26,60.0,60.0,57.1,59.2,49.8915,10566.0
79,2005-07-25,61.0,61.0,58.05,59.05,49.7651,7205.0
78,2005-07-22,61.45,61.45,60.0,61.05,51.4506,13620.0
77,2005-07-21,57.0,61.0,57.0,58.9,49.6386,16586.0
76,2005-07-20,65.0,65.0,55.25,57.55,48.5009,22707.0
75,2005-07-19,60.5,62.25,60.1,60.8,51.2399,4700.0
74,2005-07-18,63.1,63.5,59.5,62.85,52.9675,20551.0
73,2005-07-15,59.0,61.5,58.25,58.7,49.4701,18416.0
72,2005-07-14,64.0,64.95,58.0,59.35,50.0179,20249.0
71,2005-07-13,64.5,64.5,58.05,61.9,52.1669,50221.0
70,2005-07-12,51.1,59.45,51.1,58.55,49.3437,43737.0
69,2005-07-11,51.15,53.15,51.15,52.6,44.3292,20804.0
68,2005-07-08,50.0,50.9,49.5,50.7,42.728,11489.0
67,2005-07-07,51.9,52.0,49.55,49.7,41.8852,4927.0
66,2005-07-06,45.4,52.0,45.4,51.4,43.3179,21899.0
65,2005-07-05,51.25,52.5,48.8,50.05,42.1802,24022.0
64,2005-07-04,48.9,51.25,48.5,50.8,42.8123,40896.0
63,2005-07-01,48.0,48.0,46.0,47.65,40.1576,13302.0
62,2005-06-30,47.5,49.0,46.65,46.75,39.3991,16915.0
61,2005-06-29,45.5,48.5,45.25,47.05,39.6519,6642.0
60,2005-06-28,45.25,46.0,45.0,45.0,37.9243,4650.0
59,2005-06-27,45.8,47.0,45.3,46.1,38.8513,5365.0
58,2005-06-24,44.0,46.45,44.0,45.55,38.3878,3660.0
57,2005-06-23,45.85,45.85,44.5,45.05,37.9664,11795.0
56,2005-06-22,45.5,46.5,45.5,45.85,38.6406,6506.0
55,2005-06-21,45.7,46.5,45.5,46.05,38.8092,3216.0
54,2005-06-20,46.5,46.75,45.0,46.1,38.8513,11806.0
53,2005-06-17,47.0,47.45,46.0,46.2,38.9356,11028.0
52,2005-06-16,48.75,48.75,47.0,47.25,39.8205,9875.0
51,2005-06-15,48.0,50.75,48.0,49.0,41.2953,24097.0
50,2005-06-14,51.9,53.3,48.0,49.4,41.6324,21229.0
49,2005-06-13,47.0,51.5,44.25,50.15,42.2645,50559.0
48,2005-06-10,44.5,46.5,44.5,45.6,38.4299,14164.0
47,2005-06-09,45.05,45.05,43.1,43.75,36.8708,5685.0
46,2005-06-08,46.7,46.7,45.05,45.75,38.5563,15545.0
45,2005-06-07,47.8,48.45,46.2,47.05,39.6519,22354.0
44,2005-06-06,50.45,52.0,46.15,46.65,39.3148,75801.0
43,2005-06-03,38.6,44.9,38.5,43.35,36.5337,75890.0
42,2005-06-02,38.05,38.8,38.05,38.8,32.6991,1225.0
41,2005-06-01,38.4,38.4,37.0,38.3,32.2778,3051.0
40,2005-05-31,38.0,38.65,38.0,38.4,32.362,1353.0
39,2005-05-30,38.85,38.85,37.25,38.0,32.0249,700.0
38,2005-05-27,38.4,39.0,38.4,38.65,32.5727,4450.0
37,2005-05-26,39.0,39.0,38.0,38.3,32.2778,2681.0
36,2005-05-25,37.9,38.55,37.9,38.1,32.1092,975.0
35,2005-05-24,38.25,38.75,37.5,38.15,32.1513,5280.0
34,2005-05-23,38.75,38.8,38.0,38.7,32.6149,6226.0
33,2005-05-20,37.1,39.7,37.0,37.9,31.9407,11350.0
32,2005-05-19,35.0,36.9,35.0,36.5,30.7608,2150.0
31,2005-05-18,36.05,36.4,36.0,36.35,30.6344,1625.0
30,2005-05-17,36.2,36.9,36.2,36.25,30.5501,3775.0
29,2005-05-16,37.0,37.0,36.4,36.8,31.0136,3407.0
28,2005-05-13,36.2,36.5,35.6,36.4,30.6765,7981.0
27,2005-05-12,36.35,36.5,35.5,35.5,29.918,4125.0
26,2005-05-11,35.9,35.9,35.65,35.7,30.0866,11140.0
25,2005-05-10,35.4,35.65,35.4,35.65,30.0444,4020.0
24,2005-05-09,35.25,36.5,35.25,36.1,30.4237,2370.0
23,2005-05-06,35.9,35.95,35.5,35.5,29.918,1420.0
22,2005-05-05,35.3,36.15,35.3,35.75,30.1287,11515.0
21,2005-05-04,35.95,35.95,35.25,35.25,29.7073,1922.0
20,2005-05-03,35.5,36.0,35.45,35.5,29.918,3274.0
19,2005-05-02,35.5,35.9,35.45,35.7,30.0866,2800.0
18,2005-04-29,35.5,35.95,35.05,35.15,29.6231,1844.0
17,2005-04-28,35.5,36.4,35.3,35.75,30.1287,5971.0
16,2005-04-27,35.0,36.0,35.0,36.0,30.3394,3479.0
15,2005-04-26,35.0,36.0,35.0,35.25,29.7073,5308.0
14,2005-04-25,35.95,36.15,35.1,35.85,30.213,5999.0
13,2005-04-22,34.6,36.45,34.6,35.1,29.5809,2075.0
12,2005-04-21,35.7,35.7,35.3,35.5,29.918,3975.0
11,2005-04-20,34.9,36.65,34.3,35.4,29.8338,16896.0
10,2005-04-19,35.4,36.75,34.5,35.3,29.7495,27980.0
9,2005-04-18,34.0,34.4,34.0,34.2,28.8224,915.0
8,2005-04-15,34.7,34.75,33.4,34.05,28.696,1760.0
7,2005-04-13,33.95,35.4,33.5,34.45,29.0331,7879.0
6,2005-04-12,33.5,33.5,32.9,33.15,27.9375,1929.0
5,2005-04-11,33.3,34.45,33.15,33.35,28.1061,9433.0
4,2005-04-08,34.15,34.5,33.6,33.65,28.3589,2484.0
3,2005-04-07,34.35,35.85,34.3,34.55,29.1174,4975.0
2,2005-04-06,35.0,35.35,34.65,35.0,29.4966,8030.0
1,2005-04-05,38.0,38.0,34.6,35.15,29.6231,14858.0
0,2005-04-04,38.0,39.8,35.05,35.65,30.0444,55178.0
